3.6299e-06 0.0121676 3.19729e-06 0.000138174 3.30181e-06 3.20149e-06 3.0181e-06 3.10841e-06 3.42834e-06 3.01229e-06 3.2137e-06 3.31178e-06 3.70726e-06 0.00107592 0.117413 2.7431e-06 0.000938829 2.40717e-06 2.49372e-06 0.868223 
0.0401826 0.0273437 0.000334612 0.0100172 0.556541 0.153508 8.4015e-07 0.000229886 0.0211995 8.38534e-07 0.0532673 0.000839793 3.98418e-05 0.00972551 9.02804e-07 8.69132e-05 0.126414 0.000266702 6.94178e-07 6.78733e-07 
0.000455542 0.0126932 1.61146e-06 0.0129215 0.0534686 1.61358e-06 0.0180549 0.104974 0.000242343 0.00208025 0.626041 0.00018677 0.164669 1.5222e-06 1.63459e-06 9.16113e-05 0.000306578 0.000339103 0.00346816 1.22889e-06 
1.63933e-06 0.000131342 0.000331827 0.603837 0.00192103 0.000107232 0.00191658 0.21791 0.0348173 1.36041e-06 0.000271752 1.49566e-06 0.0001019 0.000313445 0.00076416 0.134597 0.00047147 0.00229855 1.12621e-06 0.000203934 
8.73503e-07 0.0316277 0.0541924 0.00879056 0.0112721 7.70411e-07 5.34398e-05 0.0826646 0.00738012 7.24882e-07 0.00222731 0.000254555 6.8748e-05 0.0264813 7.80441e-07 7.06833e-05 0.000452827 0.774459 6.00092e-07 5.8674e-07 
0.000340097 0.994986 1.49037e-06 1.38566e-06 0.00154063 1.49233e-06 1.40684e-06 1.44894e-06 1.59807e-06 1.40414e-06 1.49802e-06 0.00247153 1.72808e-06 1.40781e-06 1.51176e-06 0.000640608 1.30296e-06 1.12207e-06 1.16241e-06 1.13655e-06 
0.0125072 0.00260664 1.37536e-05 1.27873e-05 1.42032e-05 1.37717e-05 1.29828e-05 1.33713e-05 0.00591374 1.29578e-05 0.978766 1.42461e-05 1.59473e-05 1.29917e-05 1.3951e-05 1.17998e-05 1.20241e-05 1.03548e-05 1.07271e-05 1.04884e-05 
5.63979e-09 0.0112859 4.96764e-09 0.197115 5.13003e-09 0.788546 4.68923e-09 7.13439e-05 5.32662e-09 4.68021e-09 4.99313e-09 5.14553e-09 5.75997e-09 0.00297636 5.03893e-09 4.26197e-09 3.60373e-06 3.74003e-09 3.8745e-09 2.17742e-06 
0.762964 0.170576 1.54508e-06 0.0265594 0.000447443 1.54711e-06 0.000628441 0.000550386 1.65674e-06 1.45568e-06 0.00120326 0.00936954 0.000155821 0.00042467 1.56726e-06 1.3256e-06 0.000552999 0.000151183 0.0117587 0.0146484 
0.00129525 0.00115695 2.38308e-06 2.21565e-06 0.00313182 0.00216237 2.24952e-06 2.31683e-06 0.000408714 2.24519e-06 2.39531e-06 2.46841e-06 0.00241838 2.25107e-06 0.988961 2.04455e-06 0.000159241 1.79417e-06 0.00028227 1.81732e-06 
2.64008e-06 0.883474 0.0183808 2.16206e-06 0.00244317 0.000360906 2.19511e-06 2.2608e-06 2.49348e-06 2.19089e-06 0.000668552 2.40871e-06 0.0896764 0.000746389 0.00254508 1.9951e-06 2.03301e-06 0.000116909 0.00156592 1.77337e-06 
0.0212968 1.12234e-07 0.0541045 0.182113 0.0903512 5.253e-06 0.010637 0.340466 0.000266032 0.00463129 0.0204725 0.194312 0.000233389 7.97593e-05 0.000160258 0.0806803 2.59379e-07 2.23369e-07 0.000190243 2.26252e-07 
8.64509e-06 2.8806e-06 7.61477e-06 7.07978e-06 7.86369e-06 0.994031 7.188e-06 7.40309e-06 8.16504e-06 7.17418e-06 7.65384e-06 7.88745e-06 8.82932e-06 0.0018295 7.72405e-06 6.53307e-06 6.65721e-06 5.73299e-06 0.00401836 5.80698e-06 
0.330581 0.000667372 2.28139e-06 0.300142 2.35597e-06 0.00176649 0.357611 0.00771034 0.000186475 2.14939e-06 2.2931e-06 0.000451846 2.64527e-06 2.15501e-06 2.31413e-06 1.95731e-06 1.99451e-06 1.71761e-06 0.000860644 1.73978e-06 
0.0159138 0.00566588 7.0031e-05 0.000145696 0.0111114 0.0130494 0.0443937 0.019095 0.00219972 0.000585253 0.00268716 0.0317688 0.00530563 0.00683502 0.000538425 0.0248944 0.004104 0.000252896 0.811384 2.48242e-07 
8.59536e-06 0.957611 1.68043e-05 5.38269e-08 1.10678e-05 1.0119e-05 5.46497e-08 0.0383396 3.59753e-05 5.45446e-08 0.000129667 2.65192e-05 0.000262361 1.83742e-05 2.46488e-05 4.96703e-08 0.000148407 0.00335681 4.51546e-08 4.415e-08 
6.43772e-07 2.14509e-07 0.000567614 5.27209e-07 5.85584e-07 0.000454802 0.00128518 5.51284e-07 0.000669435 5.34238e-07 5.69957e-07 0.00123403 6.57491e-07 5.35636e-07 0.000403205 0.00204377 0.993115 4.26917e-07 0.000221576 4.32427e-07 
7.21768e-05 0.997716 0.000338151 1.96373e-07 2.18117e-07 2.1149e-07 1.99375e-07 0.000205546 2.26475e-07 0.000537476 2.12296e-07 2.18775e-07 2.449e-07 0.000199712 2.16386e-05 0.000525687 1.84652e-07 0.000381799 1.64735e-07 1.61069e-07 
0.000261158 0.98547 3.79169e-07 3.5253e-07 3.91564e-07 3.79668e-07 3.57919e-07 3.68629e-07 0.000391821 3.5723e-07 0.000168314 3.92747e-07 0.000349141 3.58165e-07 0.000169857 3.25307e-07 0.000106709 2.85468e-07 0.000201804 0.012877 
0.895931 0.00642437 0.000196171 0.0131114 7.34492e-07 5.88357e-05 6.71381e-07 0.00795357 0.00401957 6.70089e-07 0.00251694 0.00458791 8.24685e-07 0.000130004 7.21449e-07 6.10208e-07 0.000253269 0.027769 0.0370436 5.42389e-07 
6.3815e-07 0.0410662 0.00424375 5.22605e-07 5.80471e-07 5.62835e-07 5.30593e-07 0.00010173 0.00464692 0.00137751 9.44757e-05 5.82224e-07 0.911768 0.0032958 9.53423e-05 4.82248e-07 1.46024e-05 3.87382e-05 0.0332379 1.46786e-05 
8.38621e-05 0.991425 0.000468465 0.00734527 2.19195e-06 2.12535e-06 2.0036e-06 2.06356e-06 0.000409161 1.99975e-06 2.13345e-06 7.65126e-05 2.46111e-06 2.00498e-06 2.15302e-06 1.82105e-06 1.85565e-06 1.59803e-06 1.65549e-06 0.000165755 
0.000448197 1.40453e-07 3.71283e-07 3.45198e-07 3.8342e-07 0.000219776 3.50474e-07 0.332137 3.98113e-07 3.498e-07 0.000336057 0.333152 4.30502e-07 0.000207329 0.332595 0.00035786 3.24594e-07 2.79531e-07 0.000542953 2.83138e-07 
0.000180426 0.0213549 3.45766e-06 3.21473e-06 3.57069e-06 0.00368984 0.000443519 0.000948008 3.70752e-06 0.000149727 0.000386702 0.00109055 4.00915e-06 0.117593 0.609501 0.138173 0.000784533 0.0195933 0.0860908 2.63679e-06 
1.38813e-06 4.62535e-07 1.2227e-06 0.693518 1.26266e-06 1.2243e-06 0.000757499 0.00121007 1.31105e-06 0.000432518 0.000515863 1.26648e-06 1.41771e-06 0.000541774 1.24024e-06 0.231436 0.00094673 0.0259233 0.0447064 9.3242e-07 
6.98304e-06 2.3268e-06 6.15081e-06 5.71867e-06 6.35187e-06 6.15889e-06 5.80608e-06 5.97982e-06 6.59528e-06 5.79492e-06 0.999892 6.37106e-06 7.13185e-06 5.81008e-06 6.23907e-06 5.27706e-06 5.37734e-06 4.63081e-06 4.79731e-06 4.69057e-06 
0.000808936 0.000303215 4.45052e-07 4.13784e-07 4.596e-07 4.45637e-07 0.000420529 4.3268e-07 0.000620854 4.19301e-07 0.00116352 4.60989e-07 0.000826178 0.000631016 0.000361603 0.994131 3.89086e-07 3.3507e-07 0.000729294 3.39394e-07 
0.000582582 0.000226413 0.000577172 0.169825 9.91416e-07 9.61295e-07 0.000202357 0.131115 0.00154956 0.000101436 0.000376405 0.468795 0.000124839 0.126112 0.000670104 0.068474 0.000280702 0.0308413 0.000143475 7.32116e-07 
2.28581e-06 0.941474 0.00274495 1.87193e-06 2.0792e-06 2.01603e-06 1.90054e-06 1.95742e-06 0.000577072 1.89689e-06 2.02372e-06 0.00122389 2.33452e-06 0.0533555 0.000598251 1.72738e-06 1.7602e-06 1.51583e-06 1.57034e-06 1.5354e-06 
2.20831e-06 7.35824e-07 1.94512e-06 1.80847e-06 2.00871e-06 1.94768e-06 1.83611e-06 1.89105e-06 2.08568e-06 1.83258e-06 1.9551e-06 2.01478e-06 2.25537e-06 1.83737e-06 1.97304e-06 1.66881e-06 1.70052e-06 1.46444e-06 1.51709e-06 0.999965 
5.59581e-05 0.000251815 8.75923e-05 7.09318e-05 0.972335 0.000297119 0.000125443 4.37895e-07 0.0069203 3.7945e-05 9.02655e-05 0.0154394 5.22256e-07 4.25465e-07 1.59578e-05 0.00234733 0.00179221 0.000130356 3.51301e-07 3.43484e-07 
0.016284 5.292e-07 0.016261 0.00117144 0.000172459 0.00126162 0.0326462 1.36003e-06 0.929733 5.08523e-05 0.000151712 0.000310205 1.62205e-06 0.00168989 1.419e-06 1.2002e-06 0.000232865 1.05322e-06 2.69231e-05 1.06681e-06 
2.15753e-07 0.000169254 0.00200665 1.76688e-07 0.00187923 0.923349 0.00300497 0.0012504 1.02086e-05 0.0407917 0.0089623 0.00168996 0.000277468 0.000900863 1.92767e-07 0.0124115 0.001237 0.0012259 0.000832863 1.44923e-07 
1.49458e-07 0.000229131 1.31646e-07 0.000379553 0.00023125 0.0317685 1.24268e-07 1.27986e-07 0.000268343 1.24029e-07 0.000145686 1.3636e-07 1.52643e-07 0.0997066 1.33535e-07 0.000361537 0.338771 0.527799 0.000338937 1.00392e-07 
0.000110339 0.0596375 0.000480777 0.000892793 1.33475e-06 1.2942e-06 1.22006e-06 0.000498487 0.000316852 1.21771e-06 0.924754 1.33878e-06 1.49865e-06 1.2209e-06 1.31104e-06 1.10889e-06 1.12996e-06 0.000602628 0.0126933 9.8565e-07 
0.000237693 0.964255 2.78166e-06 0.00681381 2.87259e-06 0.0198258 2.36354e-05 2.70433e-06 2.98267e-06 2.62071e-06 0.00120367 0.000118151 3.22533e-06 2.62757e-06 0.00013828 0.00663079 0.000291399 0.000437583 2.16955e-06 2.12128e-06 
2.72762e-06 0.100558 2.40255e-06 0.013546 0.000373764 0.0312354 0.0466744 0.00100469 2.57616e-06 0.0591775 0.370384 0.000788677 0.351195 2.26946e-06 2.43702e-06 0.0018528 0.0174209 0.000427719 0.00456082 0.000788076 
1.85936e-07 0.000266469 8.20519e-05 0.000259011 0.000169299 0.000114958 0.000185671 0.000302683 1.75611e-07 1.543e-07 1.64617e-07 1.69641e-07 1.89898e-07 0.171056 0.0788772 0.748182 0.000114688 0.000160418 0.000166186 6.25723e-05 
1.85142e-07 4.80791e-05 0.00709318 1.5162e-07 0.000145513 7.43361e-05 1.53937e-07 4.45839e-05 1.74861e-07 1.53641e-07 0.0904377 4.22417e-05 0.646164 0.000148831 0.000298875 4.46268e-05 0.178332 1.22777e-07 0.000202088 0.0769226 
0.000215767 0.973448 1.762e-06 0.000176699 0.000423117 0.000484578 0.0220241 0.000520373 1.88933e-06 1.66005e-06 0.00113731 1.8251e-06 0.000147591 1.6644e-06 1.78729e-06 1.5117e-06 0.000522812 0.000143086 1.37427e-06 0.000743218 
9.01625e-06 0.995692 7.9417e-06 7.38374e-06 8.20131e-06 7.95214e-06 7.4966e-06 0.000724114 0.000206048 7.48219e-06 5.42737e-05 8.22608e-06 9.20839e-06 7.50177e-06 8.05567e-06 0.00185855 6.94302e-06 0.00038739 6.19411e-06 0.000976323 
0.000360748 0.446881 0.0558801 0.0519539 2.04729e-07 1.98509e-07 0.013296 1.92737e-07 0.0151033 1.86777e-07 0.0228526 2.05347e-07 0.000130185 8.84125e-05 2.01093e-07 0.263059 0.130393 1.49257e-07 1.54623e-07 1.51183e-07 
2.78704e-06 0.994217 2.45488e-06 0.000658842 0.00125788 2.45811e-06 0.00181915 2.38664e-06 4.46434e-05 0.000765827 2.46748e-06 2.54279e-06 2.84643e-06 2.31889e-06 2.49011e-06 0.000368806 0.000624926 0.000216376 1.91468e-06 1.87208e-06 
1.64218e-06 0.00111178 0.59188 1.34484e-06 0.0954053 1.44837e-06 0.000719645 1.40626e-06 1.55099e-06 0.00131568 1.45389e-06 1.49826e-06 0.10126 4.0356e-05 0.00203124 0.206095 1.26457e-06 7.87785e-05 4.9418e-05 1.10307e-06 
3.24235e-06 0.0562732 0.000310157 2.65528e-06 2.94929e-06 2.85968e-06 0.00199148 0.000861699 3.06231e-06 2.69068e-06 2.87058e-06 0.00119261 0.000481364 0.000475604 0.000391233 0.00176011 0.934314 0.000467758 0.000599421 0.000861449 
3.99557e-06 0.0206598 3.51938e-06 3.27212e-06 3.63443e-06 3.52401e-06 3.32214e-06 0.000119749 3.77371e-06 3.31575e-06 0.000725141 3.64541e-06 0.978005 3.32443e-06 3.56989e-06 3.01944e-06 0.000439971 2.64967e-06 2.74494e-06 2.68386e-06 
2.4739e-06 0.000298242 2.17907e-06 2.02597e-06 2.2503e-06 2.18193e-06 2.05694e-06 2.11849e-06 2.33653e-06 0.00778661 0.00111025 2.2571e-06 9.3688e-05 0.000224856 0.0635815 1.86952e-06 1.90505e-06 1.64057e-06 0.920993 0.00588644 
0.948872 4.71493e-06 0.00398662 0.00704228 0.000229443 0.00561973 0.00208402 0.000795342 0.00943475 0.00974896 7.58169e-07 4.06605e-05 0.000358005 0.000202506 7.65124e-07 0.000785741 6.59445e-07 0.010792 5.88314e-07 5.75224e-07 
1.6765e-06 0.000634599 1.4767e-06 0.0602425 1.52497e-06 1.47864e-06 0.000267941 1.43564e-06 1.58341e-06 1.39125e-06 0.00787319 1.52957e-06 0.818264 1.39489e-06 1.49789e-06 1.26693e-06 0.000459832 0.000175511 1.15175e-06 0.112065 
0.00420998 2.0634e-05 0.00129104 0.00137689 0.000305687 0.000518657 0.00409066 0.00144081 5.34248e-07 0.0168152 0.000534288 0.000621437 0.049094 0.0012896 0.000353321 0.903266 0.00623726 0.00822069 0.000259456 5.42142e-05 
0.000147784 0.176546 0.000168828 0.114975 0.0978651 0.00011744 1.24363e-06 0.014476 0.00382057 0.0369976 0.000325113 3.89429e-05 1.52761e-06 0.0155001 0.111991 0.000416829 0.000377683 0.426044 1.02756e-06 0.000187704 
0.00547351 0.00194598 0.0219877 5.21077e-05 0.0303011 8.3159e-05 0.0165595 3.64295e-07 8.90513e-05 5.1393e-05 3.76634e-07 0.000178247 3.62955e-05 0.000604321 0.0148962 0.00166706 3.27591e-07 0.0290849 0.876988 2.85753e-07 
0.000468769 0.993254 6.24562e-05 0.0004925 0.000366082 4.05393e-06 3.8217e-06 0.000458208 4.34117e-06 3.81435e-06 4.06938e-06 0.0046733 4.69435e-06 3.82433e-06 4.10671e-06 3.47349e-06 3.53949e-06 0.000178943 3.1577e-06 3.08744e-06 
5.8801e-06 0.0011533 5.17931e-06 4.81543e-06 0.00424386 5.18612e-06 4.88904e-06 5.03534e-06 5.55359e-06 0.000769526 5.20589e-06 0.99245 6.00541e-06 4.89241e-06 5.25364e-06 4.44357e-06 0.00130933 3.89939e-06 4.0396e-06 3.94972e-06 
1.2365e-05 4.1201e-06 1.08913e-05 0.978872 1.12474e-05 1.09056e-05 1.02809e-05 0.0100348 1.16784e-05 1.02611e-05 1.09472e-05 1.12813e-05 1.26285e-05 1.0288e-05 0.00981621 0.00111511 9.52173e-06 8.19984e-06 8.49467e-06 8.30566e-06 
6.83801e-06 2.27847e-06 0.00482447 5.5999e-06 6.21995e-06 6.03098e-06 5.6855e-06 5.85563e-06 0.00452728 5.67456e-06 6.05397e-06 6.23874e-06 0.988207 5.68941e-06 6.1095e-06 5.16746e-06 5.26566e-06 4.53463e-06 0.00235353 4.59315e-06 
0.00619581 0.0192427 0.755845 0.000451584 2.67492e-05 0.000137298 0.0404009 4.57267e-05 3.10973e-07 5.60567e-05 0.00378524 0.000578391 0.000113107 0.0571991 0.0434839 0.00413401 0.00204159 0.0596595 4.85023e-05 0.00655458 
1.2594e-06 0.993871 0.000444828 0.000894878 1.14557e-06 0.000422213 1.04714e-06 0.000372769 0.000657105 1.04512e-06 1.115e-06 0.000951567 1.28624e-06 0.000181618 1.12523e-06 6.65533e-05 0.00100369 0.000835565 0.000289263 8.45951e-07 
0.000573441 0.00151999 3.24971e-06 0.000469612 0.00112624 3.25398e-06 0.00158215 0.00138554 3.48454e-06 3.06168e-06 0.00302981 3.36608e-06 0.000391697 3.06969e-06 3.29634e-06 2.78808e-06 0.00139219 0.000380277 2.5346e-06 0.988121 
1.65253e-06 0.00374353 1.45558e-06 0.970092 0.000811491 1.45749e-06 1.374e-06 1.41512e-06 1.56077e-06 1.37136e-06 1.46305e-06 1.5077e-06 1.68774e-06 0.0252669 6.52306e-05 1.24881e-06 1.27254e-06 1.09587e-06 1.13528e-06 1.11002e-06 
2.55246e-07 0.000280749 0.000539808 0.000585493 0.000719976 2.25122e-07 0.000297328 2.18576e-07 0.000699351 2.11817e-07 0.000610373 2.32877e-07 0.000417359 6.39238e-05 0.000114254 1.92889e-07 1.96554e-07 0.000575676 0.995094 1.71451e-07 
1.02116e-06 0.0153763 7.90439e-05 0.0182921 9.28863e-07 0.000225576 0.0593539 8.74457e-07 0.000552509 0.000142485 0.0319193 9.31669e-07 1.04292e-06 0.0197308 9.12368e-07 0.84305 7.86353e-07 0.00319425 7.01532e-07 0.00807663 
1.42578e-06 0.000147587 0.000680171 1.16762e-06 0.000527129 1.2575e-06 1.18547e-06 1.22094e-06 0.997284 1.18319e-06 1.2623e-06 1.30082e-06 1.45616e-06 0.000263573 1.27388e-06 1.07746e-06 0.00048522 9.45504e-07 0.000596688 9.57707e-07 
1.07362e-06 0.350379 0.000956976 8.79226e-07 0.00052257 0.000689525 0.0116603 0.0234764 0.514744 0.000245648 0.0667936 0.000143439 1.0965e-06 8.9328e-07 0.000109466 0.000557393 0.00080117 0.0289157 7.37569e-07 7.21159e-07 
0.000172029 3.83423e-05 0.101746 0.000731724 0.208789 0.00440587 0.0631253 7.84826e-05 0.00455778 0.000628076 0.100628 0.0925368 0.000466556 0.0371787 0.00439735 0.285863 0.000181333 0.0546126 0.0398623 7.74576e-07 
0.00371219 9.95927e-07 2.6327e-06 2.44773e-06 2.71876e-06 0.0028892 2.48515e-06 2.55951e-06 0.000765864 2.48037e-06 2.64621e-06 2.72697e-06 0.988984 0.00151493 2.67048e-06 2.25871e-06 2.30163e-06 1.9821e-06 0.00210058 2.00768e-06 
0.058261 0.00122197 0.000118254 0.87174 9.78048e-07 0.000251029 0.000204205 0.000192613 0.0128544 8.92289e-07 0.00598579 5.03739e-05 1.09815e-06 8.94624e-07 9.6068e-07 8.12551e-07 8.27991e-07 0.0488263 0.000287305 7.22244e-07 
4.08291e-06 0.989458 3.59632e-06 3.34365e-06 3.71388e-06 3.60104e-06 3.39476e-06 0.00559764 0.00154634 3.38823e-06 0.000365092 3.72509e-06 4.16992e-06 3.3971e-06 3.64792e-06 3.08545e-06 3.14408e-06 0.00298105 2.80494e-06 2.74253e-06 
1.11922e-05 3.72933e-06 9.85835e-06 0.0146744 1.01806e-05 0.0108683 9.30583e-06 9.5843e-06 1.05707e-05 9.28794e-06 0.00595527 1.02114e-05 1.14307e-05 0.0158401 9.99982e-06 0.94053 0.000870483 0.0111406 7.689e-06 7.51792e-06 
0.00181228 0.00767049 0.815197 0.000154289 0.000118799 0.000143873 7.97233e-05 3.4687e-07 0.068043 3.36144e-07 0.000162429 3.69564e-07 0.00710758 3.4184e-05 3.13826e-05 0.0724362 0.00998215 0.0170134 2.78276e-07 1.19328e-05 
6.80071e-06 2.26604e-06 5.99021e-06 5.56935e-06 6.18602e-06 0.00540426 0.00566013 5.82369e-06 6.42308e-06 5.64361e-06 6.02094e-06 6.20471e-06 6.94564e-06 5.65838e-06 6.07617e-06 0.986746 0.00210001 4.50989e-06 4.67205e-06 4.5681e-06 
6.63995e-05 1.47968e-05 3.71792e-07 3.45671e-07 3.83946e-07 3.72281e-07 3.50955e-07 3.61457e-07 3.98659e-07 3.5028e-07 0.999913 3.85105e-07 4.31092e-07 3.51197e-07 3.77127e-07 3.18978e-07 3.25039e-07 2.79914e-07 2.89978e-07 2.83526e-07 
1.32356e-06 4.41018e-07 0.171296 0.00599488 0.000120266 1.16735e-06 2.69542e-05 0.0216673 0.0505366 1.09836e-06 0.000232318 1.20756e-06 1.35176e-06 0.000126147 0.749502 1.00021e-06 1.01921e-06 0.00011429 0.000374579 8.89045e-07 
1.12793e-05 0.00174726 0.000837171 0.000998103 0.00354942 9.94812e-06 9.37824e-06 0.00104368 1.0653e-05 0.982398 9.98603e-06 1.02908e-05 1.15197e-05 0.0019071 1.00776e-05 0.00173215 0.00321148 7.47988e-06 0.00166684 0.000818664 
2.37924e-07 0.910873 0.000649873 0.00044834 0.000238278 2.09844e-07 1.97823e-07 0.000224321 2.24713e-07 1.97443e-07 2.10644e-07 2.17073e-07 2.42995e-07 1.99939e-05 2.12576e-07 0.0867707 0.000568151 0.000205271 1.63453e-07 1.59816e-07 
1.56774e-07 9.83283e-05 1.3809e-07 1.28388e-07 0.000146358 1.38272e-07 5.73506e-05 1.34251e-07 1.48069e-07 5.72402e-05 1.38799e-07 9.88102e-05 1.60115e-07 1.3044e-07 1.40072e-07 1.18474e-07 9.0969e-05 1.03965e-07 1.07703e-07 0.999449 
0.000317354 0.205766 0.000314451 0.0974349 1.72944e-07 1.67689e-07 0.000110036 0.163311 0.000149956 0.42778 1.68328e-07 9.66293e-05 6.7678e-05 1.58192e-07 4.46913e-05 0.0371925 0.000152792 0.0672608 1.30617e-07 1.27711e-07 
1.20558e-05 0.817335 1.0619e-05 0.160101 1.09661e-05 1.0633e-05 0.00139186 0.00749585 1.13864e-05 1.00046e-05 1.06735e-05 1.09993e-05 1.23127e-05 0.00634783 0.000134512 0.00293963 0.000862482 0.00157302 0.00124518 0.000473244 
1.01029e-05 0.000676639 8.89886e-06 0.0124187 9.18976e-06 8.91056e-06 0.00588849 0.962055 0.00859728 8.38397e-06 8.94452e-06 9.21752e-06 1.03182e-05 8.40591e-06 9.02657e-06 0.00153458 7.77982e-06 0.00871638 6.94065e-06 6.78622e-06 
1.28107e-06 3.83895e-05 1.12839e-06 1.04911e-06 0.000375458 0.000267405 0.00748612 1.09702e-06 1.20993e-06 0.00172073 1.13418e-06 1.1688e-06 0.0103946 0.0817597 0.000210944 0.000622883 0.000234942 8.49541e-07 0.000118667 0.896761 
8.4985e-07 0.0298686 0.0166896 0.000288615 0.0265321 6.03807e-05 0.0503748 0.00316784 0.00138897 0.0121965 0.00262967 0.0265471 8.67961e-07 0.0164657 5.54643e-05 0.000738065 0.0391828 0.729359 0.0444523 5.70852e-07 
2.29905e-06 7.6606e-07 2.02505e-06 1.88278e-06 0.999078 2.02771e-06 1.91156e-06 1.96876e-06 0.000888114 1.90788e-06 2.03544e-06 2.09757e-06 2.34804e-06 1.91287e-06 2.05411e-06 1.73739e-06 1.7704e-06 1.52462e-06 1.57943e-06 1.54429e-06 
0.19673 0.0446195 9.05016e-07 0.00243253 0.161368 0.0328973 0.0484997 0.00386836 6.85123e-05 8.52651e-07 0.0484075 9.37423e-07 1.04936e-06 0.000127833 9.18003e-07 0.000260541 0.351336 0.107141 0.00187885 0.00035948 
7.32046e-08 0.410726 0.000180608 5.995e-08 0.000106607 0.000116281 3.0494e-05 6.26877e-08 6.91397e-08 6.07493e-08 0.123329 6.67891e-08 0.000134651 2.44243e-05 0.458362 5.53205e-08 5.63717e-08 4.85457e-08 6.03996e-05 0.00692838 
2.12586e-06 0.0923888 1.8725e-06 0.760801 0.00013309 0.00266411 1.76755e-06 0.000742664 0.099797 0.0409406 0.00127445 0.000659701 2.17116e-06 1.76877e-06 0.000581621 1.6065e-06 1.63703e-06 1.40976e-06 1.46045e-06 1.42796e-06 
0.12592 6.55907e-06 0.854471 1.61205e-05 0.00615407 0.00565936 0.00127354 1.68567e-05 0.00100724 1.63354e-05 1.74276e-05 1.79595e-05 0.00203948 1.63782e-05 1.75875e-05 1.48756e-05 0.00153775 1.30539e-05 0.0017714 1.32224e-05 
0.0663154 0.000385077 0.0228007 0.0153188 7.24976e-05 0.00700092 0.00194457 0.162097 0.0125174 7.0948e-07 0.138918 0.265914 0.0674985 0.0156346 0.0926618 0.000143417 6.58355e-07 7.88155e-05 0.130591 0.000106498 
2.16966e-06 0.00323479 1.91108e-06 1.77681e-06 0.00271846 1.91359e-06 0.289045 1.85795e-06 0.236422 1.8005e-06 0.413035 1.97951e-06 2.21589e-06 1.80521e-06 1.9385e-06 0.000424871 0.0041699 0.0509279 1.49054e-06 1.45738e-06 
1.21449e-05 0.00688353 1.06974e-05 9.94588e-06 1.10471e-05 1.07115e-05 1.00979e-05 1.04001e-05 1.14705e-05 1.00785e-05 0.037644 1.10805e-05 1.24037e-05 0.00607303 1.0851e-05 9.17783e-06 0.00936158 0.0120889 0.927801 8.15781e-06 
1.82178e-06 0.0510293 0.00115531 1.49193e-06 0.00046337 1.60677e-06 1.51473e-06 0.0735049 1.72062e-06 1.51182e-06 1.6129e-06 1.66213e-06 0.0737457 0.000182514 0.00118559 0.0585338 0.000671473 0.73883 0.000684027 1.22371e-06 
8.09989e-08 0.000140372 7.85515e-05 6.6333e-08 7.36778e-08 7.14393e-08 9.43531e-05 6.24954e-05 9.9528e-05 0.0606234 7.17116e-08 0.938341 8.27251e-08 6.73933e-08 7.23694e-08 0.000238783 0.00012481 5.37145e-08 5.56458e-08 0.000195922 
4.01044e-06 0.929483 3.53248e-06 0.000213615 3.64795e-06 3.53712e-06 0.000555488 3.43428e-06 0.000175838 3.32809e-06 3.5506e-06 3.65897e-06 0.00056224 0.000791235 3.58317e-06 3.03068e-06 3.08827e-06 0.0681747 2.75515e-06 2.69385e-06 
8.2076e-07 0.0114643 7.22943e-07 0.00011679 0.000142339 0.00510949 0.00329218 0.0322801 7.75185e-07 0.0142724 7.26652e-07 0.000248892 0.000752088 0.804171 7.33317e-07 0.0271648 0.0153944 0.0790689 0.00525047 0.00126842 
0.00093206 3.07494e-06 8.12849e-06 7.55741e-06 0.00504492 8.13918e-06 7.67293e-06 7.90253e-06 8.71588e-06 7.65817e-06 0.991055 8.41957e-06 9.42498e-06 7.67821e-06 8.24514e-06 6.97381e-06 0.00284964 6.11976e-06 6.3398e-06 6.19874e-06 
2.36674e-06 0.00020092 2.08467e-06 1.93821e-06 0.555441 0.00887881 0.00220425 0.0970776 0.00359154 1.96405e-06 2.09537e-06 2.15932e-06 0.000566767 0.000221852 0.102337 0.228998 1.82252e-06 1.5695e-06 0.000463764 1.58976e-06 
0.282798 0.316361 1.97953e-06 0.0009796 0.0196555 0.00056742 1.86858e-06 0.000184924 0.0499636 1.86499e-06 0.000386369 0.328471 0.000373036 1.86987e-06 2.00793e-06 1.69833e-06 1.7306e-06 0.000242216 1.54393e-06 1.50958e-06 
5.08557e-07 0.992564 0.000941141 4.16477e-07 4.62591e-07 0.000359278 4.22843e-07 4.35496e-07 0.000576863 4.22029e-07 0.00130617 4.63988e-07 5.19395e-07 4.23134e-07 4.54376e-07 3.84315e-07 0.000431171 0.00344029 3.49376e-07 0.000376104 
4.93594e-06 1.64469e-06 0.00205451 4.04222e-06 0.00360372 4.35339e-06 4.10401e-06 4.22681e-06 4.66185e-06 0.994274 4.36998e-06 4.50336e-06 5.04112e-06 4.10683e-06 4.41007e-06 3.73007e-06 3.80095e-06 3.27327e-06 3.39096e-06 3.31551e-06 
3.82304e-06 1.27387e-06 3.36742e-06 0.00103432 3.4775e-06 3.37184e-06 3.17869e-06 3.27381e-06 3.61076e-06 0.329509 0.325422 3.488e-06 3.90452e-06 3.18088e-06 0.336717 0.00565999 2.94396e-06 2.53525e-06 0.00161328 2.56797e-06 
6.72718e-07 2.24154e-07 5.92544e-07 5.50914e-07 6.11914e-07 5.93323e-07 5.59335e-07 5.76072e-07 6.35363e-07 5.58259e-07 5.95584e-07 6.13762e-07 6.87054e-07 5.5972e-07 6.01047e-07 5.08371e-07 5.18031e-07 4.46113e-07 4.62153e-07 0.999989 
6.89548e-06 0.0004155 6.07368e-06 0.00051342 6.27222e-06 6.08166e-06 5.73328e-06 0.000418636 6.51258e-06 5.72225e-06 6.10484e-06 0.00220496 7.04242e-06 5.73723e-06 6.16084e-06 5.21089e-06 5.30991e-06 0.995429 4.73715e-06 0.000935229 
0.000296081 3.26419e-07 9.53835e-05 8.02253e-07 8.91083e-07 0.990773 8.14516e-07 8.38889e-07 0.007356 0.000479465 8.67303e-07 8.93774e-07 0.000343489 8.15077e-07 8.75258e-07 7.40301e-07 7.54368e-07 0.000231927 0.000415354 6.58024e-07 
0.0104991 0.00699595 2.1013e-06 1.95367e-06 0.00217216 0.00126454 0.00396906 0.00224922 2.25315e-06 0.00336751 0.960155 2.17655e-06 2.43646e-06 1.9849e-06 2.13146e-06 0.00108349 1.83706e-06 0.00379843 0.00442669 1.60244e-06 
0.000154785 0.894416 1.03476e-06 0.000486178 0.000247841 9.02491e-05 0.033673 0.000137147 1.10954e-06 9.74892e-07 3.74288e-05 0.00356455 0.022996 0.0115777 0.000177507 8.87772e-07 0.0321688 5.91856e-05 6.17499e-05 0.000148191 
7.57558e-06 0.00239175 4.65094e-05 4.8058e-05 0.0132055 0.0023468 0.820614 0.0502324 4.84341e-07 0.000164555 2.36011e-05 0.0118699 0.00680784 8.4542e-05 0.00255195 0.00472585 0.066398 0.0066857 0.0117562 3.91487e-05 
8.79263e-07 0.33326 0.00015115 0.000249273 7.07363e-05 0.000204211 7.31067e-07 0.33169 0.000287485 0.187968 7.78447e-07 8.02206e-07 0.000252753 7.31571e-07 0.14586 6.64456e-07 6.77082e-07 5.83083e-07 6.04048e-07 5.90609e-07 
1.49448e-06 0.0347622 0.000216678 1.22389e-06 0.000281376 0.902813 1.2426e-06 1.27978e-06 1.4115e-06 0.000838596 0.0177968 0.000126192 0.0255977 9.16575e-05 0.000529665 0.000391196 1.15084e-06 0.0151709 0.00137561 1.00386e-06 
0.000104948 3.49693e-05 9.244e-05 8.59454e-05 9.54618e-05 9.25615e-05 8.72591e-05 8.98703e-05 9.912e-05 8.70913e-05 9.29143e-05 0.976747 0.000107184 8.73193e-05 9.37665e-05 7.93085e-05 8.08156e-05 6.9596e-05 0.0217017 7.04942e-05 
3.55515e-06 0.000702921 3.13145e-06 0.00748487 3.23381e-06 3.13556e-06 0.00143563 3.0444e-06 0.00090748 2.95026e-06 3.14751e-06 3.24358e-06 3.63091e-06 0.0010165 3.17638e-06 2.68661e-06 2.73767e-06 0.00262778 0.985785 2.38802e-06 
1.37212e-06 0.0141042 0.894666 3.22776e-05 0.00583958 1.21018e-06 0.0406265 7.28436e-05 0.0086277 1.13866e-06 1.21479e-06 0.000306906 5.5795e-05 0.000121419 0.00505618 1.03691e-06 0.000176823 0.0302818 2.53194e-05 9.21664e-07 
0.000747863 0.000818206 0.0133447 2.02568e-06 2.24997e-06 2.18161e-06 0.000476741 0.982961 2.33619e-06 2.05269e-06 2.18993e-06 2.25677e-06 0.00119882 2.05806e-06 2.21002e-06 1.86925e-06 1.90477e-06 0.000426011 1.69931e-06 1.6615e-06 
5.26199e-06 1.75333e-06 4.63487e-06 4.30924e-06 4.78638e-06 4.64096e-06 4.37511e-06 4.50603e-06 4.9698e-06 4.36669e-06 4.65865e-06 4.80084e-06 5.37413e-06 4.37812e-06 4.70138e-06 3.97647e-06 4.05203e-06 3.48949e-06 3.61496e-06 0.999917 
0.000175354 2.92356e-05 0.000154457 7.18535e-05 1.13851e-07 1.10392e-07 1.04068e-07 0.000150162 0.170524 1.03868e-07 1.10813e-07 1.14195e-07 1.27831e-07 5.21741e-05 0.000111941 9.4586e-08 9.63834e-08 0.456904 0.371825 8.40738e-08 
0.0205027 5.17771e-05 8.00353e-07 0.000137297 0.000141345 8.01405e-07 7.55497e-07 7.78105e-07 1.83565e-05 0.000513541 8.0446e-07 8.29013e-07 0.000808439 0.000108661 0.000100131 6.8666e-07 0.0396222 0.937889 6.24234e-07 0.000100169 
0.00034667 1.34614e-06 3.55848e-06 3.30847e-06 3.6748e-06 3.56316e-06 3.35904e-06 3.45956e-06 3.81563e-06 3.35258e-06 3.57674e-06 3.68591e-06 4.12605e-06 3.36136e-06 3.60955e-06 3.05299e-06 3.111e-06 2.6791e-06 2.77543e-06 0.999594 
2.57682e-06 8.58614e-07 2.26971e-06 5.17751e-05 0.00995945 2.2727e-06 2.14251e-06 0.000639631 0.00025775 0.00159055 2.28136e-06 2.35099e-06 0.00347794 0.122423 2.30229e-06 2.08183e-05 1.9843e-06 0.00107174 1.77026e-06 0.860487 
3.70027e-06 1.23296e-06 0.931161 3.03029e-06 3.36582e-06 3.26356e-06 0.000912607 3.16867e-06 3.4948e-06 0.00104054 3.276e-06 3.37599e-06 0.00313164 3.07873e-06 3.30605e-06 2.79628e-06 0.0637101 2.45384e-06 2.54207e-06 2.48551e-06 
8.49281e-05 0.0454133 0.000126178 0.0321237 8.76945e-07 7.61466e-05 8.01593e-07 0.0118516 0.0729451 0.000147898 0.0289256 7.55042e-05 9.8463e-07 0.000156047 8.61372e-07 0.0350876 3.32278e-05 0.762777 0.0101715 6.47585e-07 
0.00241184 1.63521e-06 4.32263e-06 4.01894e-06 0.00219384 0.00212718 4.08037e-06 4.20247e-06 0.832173 4.07252e-06 4.34481e-06 0.00384747 0.0485546 0.000671628 4.38466e-06 3.70859e-06 3.77906e-06 0.107975 3.37143e-06 3.29641e-06 
4.82491e-05 1.60769e-05 4.24988e-05 3.95129e-05 4.3888e-05 4.25546e-05 4.01169e-05 4.13174e-05 4.55699e-05 4.00398e-05 4.27168e-05 4.40206e-05 4.92773e-05 4.01445e-05 4.31086e-05 3.64617e-05 3.71545e-05 0.972724 0.0265506 3.24093e-05 
1.02062e-06 4.03136e-05 0.0090631 0.975644 9.28373e-07 9.00168e-07 7.75764e-05 8.73995e-07 9.6395e-07 0.000862605 9.03599e-07 0.000145714 1.04237e-06 9.07097e-05 9.11887e-07 0.0140535 1.29243e-05 6.76827e-07 7.01162e-07 6.85562e-07 
0.000117033 0.203719 0.000144278 0.000105417 1.06348e-07 1.03117e-07 9.72101e-08 1.00119e-07 0.517347 9.70232e-08 0.000331336 0.000416118 0.000143408 9.72771e-08 3.14423e-05 8.83529e-08 0.000234173 7.75327e-08 0.27741 7.85333e-08 
0.0415957 0.427404 6.35007e-08 0.362305 0.00519277 0.0100803 5.99418e-08 0.00346429 7.22946e-05 7.13715e-05 0.0697823 0.0181732 0.00499924 0.0212408 0.00132346 0.00791383 2.21387e-05 0.026305 5.40169e-05 4.84253e-08 
1.04855e-06 0.0161303 9.23587e-07 8.58699e-07 0.000151464 0.000379993 0.000201883 8.97912e-07 0.000203954 8.4499e-05 9.28325e-07 0.973339 1.0709e-06 8.72424e-07 9.36841e-07 7.92388e-07 0.00938737 6.95348e-07 7.20349e-07 0.000111849 
5.22123e-07 0.747222 4.59897e-07 0.249326 4.7493e-07 4.60501e-07 4.34122e-07 4.47112e-07 4.9313e-07 0.000347063 0.00055517 0.000524478 5.3325e-07 0.00108649 0.000466963 3.94567e-07 4.02064e-07 3.46246e-07 0.000466663 3.50715e-07 
7.31307e-07 0.000208111 6.44151e-07 0.000244112 0.332658 4.64961e-05 6.08049e-07 0.0111607 0.0489407 6.0688e-07 6.47456e-07 0.000662261 7.46892e-07 6.08468e-07 0.000186446 0.0013167 0.27204 4.84967e-07 5.02404e-07 0.332531 
3.54887e-06 1.18251e-06 3.12591e-06 2.9063e-06 3.2281e-06 0.000516119 2.95072e-06 0.000889008 3.3518e-06 0.00122665 0.0766487 0.918374 3.62449e-06 2.95275e-06 0.00147556 0.000833398 2.73283e-06 2.35343e-06 2.43805e-06 2.3838e-06 
0.0019291 0.00064279 2.82727e-06 2.62863e-06 0.00175473 0.00170142 2.66881e-06 2.74867e-06 3.03158e-06 2.66368e-06 0.0113699 0.00205289 3.27821e-06 2.67065e-06 0.980515 2.42565e-06 2.47174e-06 2.12859e-06 2.20512e-06 2.15606e-06 
0.000110536 3.68312e-05 9.7362e-05 9.05217e-05 0.000100545 9.749e-05 9.19054e-05 9.46555e-05 0.000104398 9.17286e-05 0.998287 0.000100848 0.000112891 9.19687e-05 9.87592e-05 8.35314e-05 8.51187e-05 7.33017e-05 7.59373e-05 7.42477e-05 
3.82865e-07 0.0117223 3.37235e-07 0.0293774 0.0176385 3.37678e-07 0.000120367 3.2786e-07 0.000165137 3.17722e-07 3.6348e-05 5.47691e-05 3.91024e-07 0.0159334 4.30549e-05 0.000552566 0.00055687 0.000123126 0.000240621 0.923433 
4.4955e-06 0.00416938 3.95973e-06 3.68153e-06 0.335688 3.96493e-06 3.7378e-06 0.318514 0.00530009 3.73061e-06 3.98004e-06 4.10152e-06 4.5913e-06 3.74038e-06 4.01655e-06 3.39723e-06 9.82341e-05 0.336177 3.08838e-06 3.01966e-06 
3.63031e-06 0.25514 3.19766e-06 0.000649419 3.30219e-06 0.00079762 6.29314e-05 3.10877e-06 3.42873e-06 3.01264e-06 3.21406e-06 0.000233412 3.70768e-06 0.544821 0.100788 0.0970265 0.000446703 2.40744e-06 2.49401e-06 2.43851e-06 
1.05051e-06 0.0161634 0.000183444 0.0831008 0.0754339 0.0210176 8.73454e-07 0.00227123 0.0223696 8.71774e-07 9.30061e-07 7.53838e-05 0.0127099 0.000160858 9.38592e-07 4.26394e-05 0.73934 5.09286e-05 0.0270753 7.05639e-07 
4.88701e-07 0.0335512 1.81862e-05 0.00968894 0.00080058 3.8185e-05 0.000178362 0.00154035 0.00127406 0.00525074 0.0053706 0.000382466 0.0241082 4.06613e-07 0.0101746 0.9004 3.76328e-07 0.00045585 0.00241762 0.00434876 
2.32238e-06 0.696072 0.281118 0.00172912 2.11247e-06 2.04829e-06 0.0124585 1.98874e-06 0.000998185 1.92724e-06 0.00119032 2.11885e-06 0.00102164 1.93228e-06 0.000766364 0.00130581 0.00265945 0.000663362 1.59546e-06 1.55996e-06 
2.36652e-06 0.00183624 0.000325548 1.93803e-06 2.15262e-06 0.00019642 1.96766e-06 0.959044 0.00485877 1.96387e-06 0.00250554 2.15913e-06 2.41695e-06 1.96901e-06 2.1144e-06 0.000461278 1.82236e-06 0.0307486 1.62579e-06 1.58961e-06 
8.77635e-07 0.00588008 7.73039e-07 0.956357 7.9831e-07 7.74056e-07 7.29714e-07 7.5155e-07 8.28902e-07 7.28311e-07 0.0256184 8.00721e-07 8.96338e-07 7.30217e-07 7.84133e-07 6.63226e-07 6.75829e-07 0.000280076 6.0293e-07 0.0118535 
1.76345e-06 0.144114 0.0250513 1.44416e-06 0.000141584 0.0354828 0.0395321 0.204127 0.000780718 0.000514059 0.000163352 0.00139923 0.000319478 0.00995025 0.288115 1.33264e-06 1.35796e-06 0.0158361 0.23442 4.64085e-05 
4.85884e-06 0.000174994 4.27976e-06 3.97908e-06 4.41967e-06 0.000627096 0.996585 4.16079e-06 0.000601324 4.03213e-06 0.000497871 4.43302e-06 4.96238e-06 4.04269e-06 0.000768086 3.67181e-06 0.000146841 0.000446861 0.000105469 3.26372e-06 
2.74564e-06 0.728497 0.0028834 0.0052481 2.49747e-06 0.000150098 2.28287e-06 2.35119e-06 0.000126846 2.27848e-06 0.000108316 2.50501e-06 0.00283577 0.0969844 7.72527e-05 0.0782072 0.00561534 0.0184385 0.0608114 1.84427e-06 
2.94076e-05 9.79882e-06 2.59028e-05 2.4083e-05 2.67496e-05 2.59369e-05 2.44511e-05 2.51828e-05 2.77746e-05 2.44041e-05 2.60357e-05 2.68304e-05 3.00343e-05 2.44679e-05 2.62745e-05 2.22232e-05 2.26455e-05 1.95017e-05 2.02029e-05 0.999538 
9.89605e-06 3.29743e-06 8.71665e-06 8.10425e-06 9.00159e-06 8.72811e-06 0.998078 8.47434e-06 9.34654e-06 8.2123e-06 8.76137e-06 9.02878e-06 1.01069e-05 8.23379e-06 0.00177719 7.47842e-06 7.62052e-06 6.56257e-06 6.79853e-06 6.64727e-06 
5.66155e-06 0.156008 4.98681e-06 4.63646e-06 0.176429 4.99337e-06 0.006824 4.84819e-06 5.34718e-06 4.69827e-06 5.0124e-06 0.324803 5.7822e-06 0.00318925 0.00744792 4.27842e-06 0.000538931 0.00290452 0.320332 0.0014729 
0.0429662 0.128773 0.00524191 0.473902 0.000466733 0.174383 3.18076e-06 0.000567574 1.02469e-05 0.000384018 0.0367695 0.080433 5.82192e-08 0.00725696 0.0360698 0.00453062 0.00523466 0.00299402 1.28561e-05 3.82904e-08 
7.36548e-06 2.45423e-06 6.48767e-06 6.03187e-06 6.69975e-06 6.4962e-06 6.12407e-06 6.30732e-06 6.95649e-06 6.11229e-06 6.52096e-06 6.71999e-06 7.52245e-06 6.12829e-06 6.58077e-06 5.56607e-06 5.67184e-06 4.88442e-06 5.06004e-06 0.999884 
7.24701e-06 0.991328 0.00016218 5.93484e-06 6.59198e-06 0.00222069 6.02556e-06 6.20587e-06 6.84459e-06 6.01397e-06 6.41607e-06 6.61189e-06 7.40144e-06 6.02971e-06 6.47492e-06 5.47654e-06 0.00604716 0.00014917 4.97865e-06 4.86788e-06 
0.000314227 0.0153516 0.000567596 0.000728383 0.220402 0.447919 0.000535783 0.000192493 1.1203e-06 9.8435e-07 0.0123379 1.08222e-06 1.21145e-06 9.86926e-07 0.0282371 0.0470195 9.13419e-07 7.86609e-07 0.225873 0.000515138 
1.0552e-06 0.00812058 9.29438e-07 8.64139e-07 0.0516923 0.916893 0.00120999 9.03601e-07 0.000175977 0.000130403 9.34207e-07 0.000192475 0.000192892 0.00437604 0.00411857 0.0019204 0.000241199 0.00149999 0.00912715 0.000104601 
1.84834e-06 6.1588e-07 0.115441 1.51367e-06 1.68128e-06 1.6302e-06 1.53681e-06 1.5828e-06 0.00196488 1.53386e-06 1.63641e-06 1.68635e-06 0.000416993 1.53787e-06 0.000455597 0.000554264 0.224667 0.656481 1.2698e-06 1.24155e-06 
4.83062e-07 0.0079139 4.64439e-05 0.00677699 0.00648057 9.30472e-05 4.74097e-05 0.00289825 4.98001e-05 0.9107 4.27674e-07 4.40727e-07 0.00022427 0.00535735 7.58357e-05 0.00629983 0.0379224 4.23533e-05 0.0150704 3.24477e-07 
1.55177e-06 0.0131361 1.36683e-06 0.000506684 0.0317976 1.36863e-06 1.29023e-06 1.32884e-06 0.924267 1.28775e-06 1.37385e-06 1.41578e-06 1.58484e-06 0.000244916 0.000146493 1.17267e-06 0.000426415 0.000237974 0.0292223 1.04234e-06 
4.71411e-07 0.084971 0.0470758 0.00136979 0.0071475 4.15775e-07 3.91957e-07 0.0289193 0.000178452 7.3595e-05 1.4617e-05 0.039578 0.000118936 3.92227e-07 0.0992438 3.56244e-07 0.0666173 0.000154535 0.624535 3.16651e-07 
2.08278e-05 0.0623743 0.00603644 0.0548865 3.32164e-05 0.00694647 0.0183151 7.56486e-05 0.000256923 4.65341e-07 0.0581153 0.0423104 4.44764e-05 0.00349176 7.27834e-05 0.0153484 4.31809e-07 0.0306561 0.701 1.43321e-05 
8.71858e-05 9.44635e-08 0.00485133 0.00102897 0.0169377 0.00773058 0.0139337 0.000855038 0.00686669 2.35262e-07 4.79656e-05 1.33338e-05 2.89539e-07 3.20329e-05 3.23548e-05 0.921156 0.000155635 0.0262542 1.62899e-05 1.90428e-07 
0.00257184 0.000252381 3.7094e-05 0.00055938 0.00568977 0.00300403 2.50321e-07 2.57811e-07 0.0163988 2.49839e-07 2.66544e-07 0.00594596 1.73887e-05 0.0465659 0.0126622 0.0209428 0.880138 0.00521267 2.06829e-07 2.02227e-07 
1.57989e-06 0.000263743 1.3916e-06 1.29383e-06 0.0010074 1.39343e-06 0.00170901 1.35292e-06 0.000150709 0.000263527 0.00419763 1.44143e-06 1.61356e-06 0.988514 0.00155414 1.19392e-06 1.21661e-06 0.000839213 1.08538e-06 0.00148678 
0.000421948 0.125503 3.02885e-06 0.000105636 3.12786e-06 0.00189347 2.8591e-06 0.0168777 0.0475456 0.000697456 0.000299463 0.0259334 0.000815625 0.002041 0.00284488 0.774132 0.000872795 2.28036e-06 2.36235e-06 2.30979e-06 
1.96521e-06 0.00929625 1.731e-06 0.000384382 0.000395432 1.73327e-06 1.63398e-06 0.0157923 1.85608e-06 0.000518799 0.00648721 1.79298e-06 0.00663572 0.000184733 1.75584e-06 0.105247 0.847015 0.00799713 3.21056e-05 1.32005e-06 
0.033865 1.25239e-05 3.31065e-05 3.07806e-05 3.41887e-05 3.315e-05 3.12511e-05 3.21862e-05 3.54989e-05 3.1191e-05 0.0199991 3.4292e-05 3.8387e-05 0.0156676 3.35816e-05 0.0312724 0.0434439 2.49252e-05 0.0878184 0.767529 
0.00264751 0.000726544 0.00139728 0.00151535 0.982552 1.79882e-06 0.000770107 0.00289643 0.00180999 1.69252e-06 0.00157979 1.86079e-06 0.0010808 1.69695e-06 0.000296721 1.54127e-06 1.57055e-06 0.00148975 0.00122586 1.36997e-06 
0.000106463 0.556544 7.20792e-08 3.35746e-05 0.000282929 0.442078 0.000176971 0.000245335 5.41788e-05 6.79087e-08 7.2449e-08 7.46603e-08 8.36593e-05 4.77286e-05 7.31136e-08 6.18401e-08 0.000346646 5.42668e-08 5.6218e-08 5.49672e-08 
2.36125e-06 0.0168406 2.07984e-06 1.93372e-06 2.14783e-06 2.08257e-06 1.96327e-06 0.000197533 0.000114657 1.9595e-06 0.000178957 2.15431e-06 0.000206441 0.00401388 0.000267998 0.929848 0.031703 0.0166094 1.62217e-06 1.58607e-06 
5.64153e-05 0.473051 0.0208502 0.00431257 0.00250799 0.102255 0.00614738 0.0089979 8.86661e-05 7.11112e-07 0.00159611 3.69885e-05 0.00376564 0.28014 0.0001141 0.0224323 0.00019602 0.0633188 0.00121818 0.00891419 
3.69381e-06 0.000115435 0.00108272 3.025e-06 3.35995e-06 3.25786e-06 3.07124e-06 3.16314e-06 3.4887e-06 0.0017665 3.27028e-06 3.37009e-06 3.77253e-06 0.00137189 0.995617 2.7914e-06 2.84445e-06 2.44955e-06 2.53763e-06 2.48117e-06 
0.000201837 6.72534e-05 2.63726e-05 0.779276 5.62948e-07 5.45845e-07 3.39754e-05 0.000103916 0.113474 5.13587e-07 0.000255997 0.00033153 0.0140909 0.0131024 5.52951e-07 0.0652782 0.00411936 0.00963497 4.25172e-07 4.15712e-07 
6.18564e-07 3.72693e-05 5.44844e-07 4.71086e-05 5.62655e-07 0.000126019 5.14308e-07 5.29698e-07 5.84216e-07 5.13319e-07 0.987709 0.0119656 6.31746e-07 5.14662e-07 5.52663e-07 0.000107976 4.76329e-07 4.10201e-07 4.2495e-07 4.15495e-07 
3.14389e-06 1.04757e-06 2.7692e-06 2.57465e-06 2.85972e-06 2.77284e-06 2.614e-06 2.69222e-06 2.96931e-06 0.000396483 2.78341e-06 2.86836e-06 3.21089e-06 2.6158e-06 2.80894e-06 2.37583e-06 2.42097e-06 2.08487e-06 2.15983e-06 0.999557 
6.30987e-06 0.00252509 5.55786e-06 5.16739e-06 5.73955e-06 0.000562082 5.24637e-06 0.00108608 0.00119786 5.23628e-06 5.58638e-06 5.75688e-06 6.44434e-06 5.24998e-06 0.00226069 4.76835e-06 0.00729329 4.18439e-06 4.33484e-06 0.985005 
9.63883e-06 0.280453 0.0122808 0.394831 0.0237051 1.54258e-05 2.48691e-05 4.36817e-05 5.21221e-05 7.60215e-08 0.012749 8.35797e-08 9.35603e-08 0.135719 5.78061e-05 6.92279e-08 3.13319e-05 0.106911 0.0331092 6.73802e-06 
0.0010182 0.194994 6.91529e-05 0.205937 0.0312457 0.000222396 0.0256765 7.16535e-05 0.00494936 4.58856e-05 0.388189 9.40997e-07 1.05337e-06 0.00437434 0.000272528 0.000434072 5.16837e-05 0.112722 0.029718 5.89969e-06 
0.00045503 2.27131e-06 3.75534e-05 2.10389e-05 0.0961367 0.00158484 0.000585418 7.62769e-05 0.00687052 9.76753e-05 0.855413 0.00757293 0.0191189 2.18739e-05 0.00416347 0.00011769 0.00255431 1.95207e-05 0.00515084 2.68835e-07 
0.140775 0.00155704 0.152174 2.24105e-05 0.00224594 0.00173145 0.000330182 4.89787e-07 0.00655079 0.187699 0.0141346 5.21832e-07 2.44053e-05 4.75884e-07 5.29879e-06 0.269064 0.184866 7.85585e-05 0.0376156 0.00112399 
1.70601e-05 0.994399 1.50269e-05 1.39712e-05 1.55181e-05 0.00127067 1.41847e-05 0.000624165 1.61128e-05 1.41575e-05 1.5104e-05 1.5565e-05 0.00135024 1.41945e-05 0.00102221 1.28923e-05 1.31373e-05 1.13134e-05 1.17202e-05 0.00113354 
0.00828505 0.00247996 5.59354e-07 0.00736396 5.77639e-07 2.97682e-05 5.27948e-05 5.92682e-05 0.000246767 5.2699e-07 0.000198352 5.79384e-07 6.48571e-07 2.62454e-05 1.24028e-05 4.79896e-07 6.64987e-05 3.45285e-05 4.36267e-07 0.981141 
0.000520152 0.247757 4.71914e-07 4.38759e-07 0.00553263 8.13475e-05 4.45466e-07 4.58796e-07 5.39196e-05 0.000493793 0.10338 4.88813e-07 5.47184e-07 0.000100214 4.78686e-07 4.04877e-07 0.000154307 0.641543 0.000151392 0.000228548 
