2.61126e-06 0.0176775 2.60158e-06 0.000181223 2.6658e-06 2.43183e-06 2.08584e-06 2.70649e-06 2.13177e-06 2.03739e-06 0.0296432 2.39483e-06 0.894502 2.33185e-06 2.63207e-06 0.0577297 2.24723e-06 0.000232521 2.52439e-06 2.16826e-06 
0.00333597 0.0445145 0.0446945 0.0510009 1.3222e-06 0.000727175 1.03455e-06 0.000290991 0.00669005 0.757923 0.00314818 1.1878e-06 0.000339544 0.0360044 0.000223687 0.0510008 1.11459e-06 1.17676e-06 1.25206e-06 9.87791e-05 
0.422135 0.038681 2.2462e-06 0.00131632 0.366812 0.00305993 1.80091e-06 0.0326803 0.0026284 1.75908e-06 0.0363655 3.45609e-05 0.000255582 1.38103e-05 0.0870971 0.00707408 1.94025e-06 0.00142217 0.000414269 1.87207e-06 
7.49291e-07 0.800883 4.37041e-05 0.00817236 0.000192725 6.97804e-07 0.00868055 0.00281529 0.0445432 0.0282372 0.0386293 8.47174e-05 0.00382823 0.00603859 7.55262e-07 1.56254e-05 0.0573068 0.000316894 0.000209139 6.22174e-07 
0.0107587 0.0614955 7.14324e-05 0.0851195 2.45008e-05 6.70925e-07 0.00413625 0.00033997 9.13532e-05 0.00385549 7.58647e-07 6.60716e-07 6.01538e-07 0.132372 7.26169e-07 0.0511126 6.19995e-07 0.00435646 2.32011e-05 0.646239 
5.24624e-07 0.000155573 5.2268e-07 0.000496628 5.35582e-07 4.88575e-07 0.998666 5.43757e-07 0.000428718 0.000246007 5.52455e-07 4.81141e-07 4.38046e-07 4.68488e-07 5.28804e-07 4.19789e-07 4.51487e-07 4.76669e-07 5.0717e-07 4.35622e-07 
0.0169156 0.00715574 2.40412e-05 7.36631e-06 2.46347e-05 2.24725e-05 1.92753e-05 2.50107e-05 1.96997e-05 0.952698 0.0228951 2.21306e-05 2.01484e-05 2.15486e-05 2.4323e-05 1.93087e-05 2.07666e-05 2.19249e-05 2.33279e-05 2.00369e-05 
2.7203e-09 2.68e-09 2.71022e-09 2.32357e-06 2.77713e-09 2.53338e-09 1.31489e-07 2.81951e-09 1.34384e-07 2.12248e-09 2.86462e-09 2.49483e-09 2.27138e-09 2.42923e-09 0.000713595 2.17671e-09 2.34107e-09 0.99817 3.28924e-06 0.00111009 
0.0547762 0.000230838 0.00100418 0.8614 0.000156152 0.000865855 0.00123666 2.15821e-06 0.000960966 0.000484151 0.0127855 1.90968e-06 0.0212023 0.0147397 2.09886e-06 1.66617e-06 0.0289388 0.000507609 0.000342344 0.000361194 
1.67063e-06 0.872018 1.66444e-06 5.09991e-07 1.70553e-06 1.55584e-06 0.0348525 1.73156e-06 1.36387e-06 0.0860244 0.000703045 0.00175747 0.000904985 1.49187e-06 1.68395e-06 0.000400997 1.43773e-06 0.00242185 1.61505e-06 0.000899976 
0.000436071 2.22875e-06 2.25388e-06 0.927022 0.000571714 0.00104096 1.80706e-06 2.34477e-06 1.84685e-06 0.0145557 0.000450929 0.000441551 1.88893e-06 2.0202e-06 0.0027508 0.0527074 1.94688e-06 2.05547e-06 2.187e-06 1.87847e-06 
0.100373 0.456184 0.0132968 0.0156743 0.00012653 0.000758716 0.000437329 0.0136596 0.14625 7.2569e-07 0.0387037 0.100514 0.0241834 0.000156611 1.34973e-05 0.0253975 0.000127835 0.0223411 0.019228 0.0225736 
6.69437e-06 0.996875 6.66956e-06 2.04357e-06 6.8342e-06 6.23437e-06 5.34737e-06 6.93851e-06 5.46512e-06 0.00228824 7.0495e-06 6.13951e-06 5.58961e-06 5.97806e-06 6.74771e-06 5.35665e-06 5.76111e-06 6.08245e-06 0.000736737 5.55867e-06 
9.74969e-07 9.60525e-07 9.71355e-07 0.000353442 0.000364156 9.07974e-07 7.78792e-07 1.01053e-06 0.93292 7.60704e-07 1.02669e-06 0.000388468 8.14072e-07 0.000191471 9.82738e-07 0.0621028 0.00272849 0.000384858 0.000379228 0.000178038 
0.00979409 1.41829e-05 0.0051789 7.23213e-06 0.00857309 0.000326397 0.000623819 0.00200983 9.7461e-05 0.000476379 0.0190866 0.00638789 0.892432 0.00207158 0.00342684 0.0249 1.77711e-07 0.00361935 0.000828803 0.0201454 
0.000144373 8.45576e-08 0.00182648 0.93865 0.0153384 7.99314e-08 1.27349e-05 4.10841e-05 7.00688e-08 0.0018044 9.03823e-08 0.00535704 0.00271047 3.58024e-05 3.00552e-05 0.0308884 7.38638e-08 7.79836e-08 0.0031603 7.12683e-08 
8.38127e-07 8.25711e-07 0.00300691 0.00069106 0.000685363 7.80536e-07 6.69484e-07 0.000782693 0.00184809 6.53936e-07 0.990443 0.00053883 6.99813e-07 0.000374972 8.44806e-07 6.70646e-07 7.21285e-07 7.61515e-07 0.0016213 6.95939e-07 
2.28724e-07 2.25336e-07 2.27877e-07 0.997618 0.000397186 0.000277123 1.82702e-07 0.000166183 1.86725e-07 1.78459e-07 2.40858e-07 2.09767e-07 0.000305756 0.000735505 2.30547e-07 5.50886e-05 1.96838e-07 2.07817e-07 0.000442452 1.89921e-07 
4.80829e-07 0.0934253 0.00030136 0.666897 4.90872e-07 0.00028393 3.84079e-07 4.98364e-07 3.92537e-07 0.000163705 5.06337e-07 4.40976e-07 4.01479e-07 7.398e-05 4.8466e-07 0.238522 4.13797e-07 4.36877e-07 0.000327434 3.99256e-07 
4.93894e-07 0.000119232 0.00355746 0.00919328 9.42555e-05 4.1552e-05 0.00128156 5.11906e-07 0.00545872 3.62112e-05 5.20095e-07 0.965874 0.00187331 0.000871434 4.97829e-07 0.00228691 4.25041e-07 1.91577e-05 6.0261e-06 0.00928418 
0.00115193 0.0602801 0.000113067 0.927383 0.000232504 1.30795e-06 0.00777161 1.45568e-06 1.14656e-06 1.0958e-06 0.000461332 1.28805e-06 0.000851625 2.85515e-05 0.000416502 0.00114645 1.20866e-06 0.000153682 1.35773e-06 1.16619e-06 
6.32521e-06 0.0461953 6.30177e-06 0.167407 6.45733e-06 5.89057e-06 5.05249e-06 6.55589e-06 5.16374e-06 4.93515e-06 6.66076e-06 5.80095e-06 5.28137e-06 0.426301 0.000603561 0.353772 5.44342e-06 5.74703e-06 6.11478e-06 0.00563905 
2.42995e-07 2.39395e-07 2.42094e-07 6.83086e-05 0.000177973 2.26298e-07 1.94101e-07 0.625801 0.153249 0.220254 2.55886e-07 2.22854e-07 2.02894e-07 0.000155678 0.000136726 0.000154973 2.09119e-07 2.20783e-07 2.34911e-07 2.01771e-07 
0.194355 0.00105508 0.0017495 1.05035e-06 3.51261e-06 0.342583 0.000758006 0.00316476 2.80893e-06 0.0261271 3.62327e-06 0.00193965 0.000461274 3.07257e-06 3.46815e-06 0.000686104 2.96107e-06 0.423238 0.00385903 2.85702e-06 
1.00917e-06 9.11163e-05 0.00018712 0.644178 8.19071e-05 0.000938046 8.06111e-07 1.04597e-06 0.000523582 0.0553578 1.06271e-06 0.296156 8.42629e-07 0.000736102 0.000597287 8.07509e-07 8.68483e-07 8.40325e-05 0.00106218 8.37965e-07 
0.999896 6.09085e-06 6.15953e-06 1.8873e-06 6.31158e-06 5.75762e-06 4.93845e-06 6.40791e-06 5.04719e-06 4.82375e-06 6.51042e-06 5.67001e-06 5.16217e-06 5.52091e-06 6.2317e-06 4.94702e-06 5.32055e-06 5.61732e-06 5.97676e-06 5.13359e-06 
0.000600221 2.94194e-06 2.97511e-06 0.959539 0.00975844 2.78099e-06 0.00119504 3.09509e-06 0.00146515 0.00256525 3.1446e-06 2.73867e-06 2.49338e-06 0.00853596 3.00998e-06 0.00740971 2.56988e-06 0.00542916 2.88683e-06 0.00347389 
0.029543 1.81153e-06 0.00119126 0.0239534 1.87718e-06 0.0282253 0.0955235 0.00468908 0.096509 0.000649454 0.097735 0.0007665 0.000454967 0.00133427 0.444557 0.00715639 1.58243e-06 0.097441 1.7776e-06 0.0702636 
2.53862e-06 2.50102e-06 0.00300046 0.991141 0.00057142 0.000910444 2.02782e-06 2.63121e-06 2.07247e-06 0.0013062 2.6733e-06 2.32821e-06 2.11968e-06 0.000251052 2.55885e-06 0.00278858 2.18472e-06 2.30657e-06 2.45417e-06 2.10795e-06 
4.02292e-06 3.96332e-06 4.00801e-06 1.22807e-06 4.10695e-06 3.74649e-06 3.21345e-06 4.16964e-06 3.28421e-06 3.13882e-06 0.00178432 3.68948e-06 3.35903e-06 3.59246e-06 4.05498e-06 3.21903e-06 0.995537 3.65519e-06 0.00261856 3.34043e-06 
2.28154e-05 5.58476e-07 0.00493187 0.00238818 0.914279 0.00461832 0.000142627 3.68212e-05 0.0131619 0.00259526 0.000775408 5.19889e-07 9.9718e-05 0.0126927 6.33563e-05 4.53597e-07 7.06931e-05 5.15057e-07 0.0391886 0.00493048 
0.000187369 1.95099e-06 0.00192547 0.00832422 2.02169e-06 1.84425e-06 1.58186e-06 0.000111388 1.61669e-06 0.000122054 2.08538e-06 0.907058 0.0180996 1.76842e-06 0.0254001 0.000149927 1.70425e-06 0.000576875 1.91444e-06 0.0380289 
5.46338e-05 3.2911e-05 0.00128372 0.000534617 5.43675e-05 0.00295146 0.0131801 0.00142072 0.0155155 0.000592 0.00226412 1.72014e-07 5.15076e-06 0.00364323 7.82563e-06 1.5008e-07 2.52796e-05 1.70416e-07 3.65066e-06 0.95843 
6.51084e-07 0.00160424 0.000908784 0.174666 6.64684e-07 0.00224408 5.20077e-07 6.74829e-07 0.00101044 0.000813306 0.000549185 0.000299157 5.43637e-07 0.000523857 6.56272e-07 0.814968 5.60317e-07 0.00159783 0.000755938 5.46035e-05 
3.75832e-06 3.70264e-06 3.74439e-06 0.986593 3.83683e-06 0.00161278 0.000789258 0.00138906 0.0016102 2.93237e-06 0.000420942 3.44682e-06 0.00170559 0.00182412 3.78827e-06 3.0073e-06 3.23438e-06 0.00102552 0.00258646 0.000411784 
2.49489e-06 0.842371 0.00013219 0.0708592 2.547e-06 2.32345e-06 1.99288e-06 2.58588e-06 0.000668524 0.0104264 0.000258366 0.0426766 2.08316e-06 2.22793e-06 2.51477e-06 1.99634e-06 0.000224016 0.0313513 0.00100926 2.07163e-06 
1.41905e-06 1.39803e-06 0.0560006 0.000206193 0.0438583 1.32154e-06 0.000632822 1.4708e-06 0.0606384 0.0289224 0.00196955 1.30143e-06 1.18487e-06 0.000500415 0.785957 0.0192884 2.05735e-05 0.000520224 5.35002e-05 0.00142392 
3.2128e-05 0.00042073 3.20089e-05 0.508584 1.08967e-07 9.9403e-08 8.52604e-08 0.00022137 0.0838266 0.00014166 6.75524e-05 9.78906e-08 0.00019616 9.53163e-08 1.07588e-07 0.406066 9.18573e-08 9.69808e-08 0.000206477 0.000203937 
0.000166124 2.65968e-07 0.000138623 6.7589e-05 2.75606e-07 2.51417e-07 2.15646e-07 0.106361 2.20395e-07 0.642749 0.247431 0.000213198 0.000240264 0.00183677 3.84472e-05 0.000182047 0.000123934 2.4529e-07 2.60986e-07 0.000450981 
0.000489652 1.6803e-06 1.69925e-06 0.16644 1.74119e-06 0.000621252 0.00088719 1.76777e-06 0.000689448 0.000347434 0.000328781 1.5642e-06 0.357436 0.000595709 0.470574 1.36475e-06 0.000955842 0.000364287 1.64883e-06 0.00025925 
2.92112e-06 0.000531016 2.91029e-06 0.0005082 0.000495531 2.72039e-06 2.33335e-06 3.02765e-06 0.000352498 0.000593542 0.00073695 0.000346832 2.43905e-06 9.92821e-05 2.94439e-06 0.996209 2.51389e-06 0.000100069 2.82394e-06 2.42555e-06 
1.29809e-07 1.27886e-07 0.0165649 0.638898 1.32521e-07 0.0001408 0.000130049 0.00231668 0.0754166 1.01282e-07 1.36696e-07 0.0847233 0.145588 2.0869e-05 1.30844e-07 0.0316695 1.11713e-07 0.00453021 1.25491e-07 1.07787e-07 
3.73417e-06 3.67885e-06 0.000372949 0.909555 3.81217e-06 3.47758e-06 0.0010391 3.87035e-06 0.000182714 0.0847973 3.93226e-06 0.000474374 3.11793e-06 0.00165881 0.000190542 2.98798e-06 0.000636942 3.39283e-06 3.60994e-06 0.00105633 
1.55556e-06 0.0030579 0.0412143 4.74861e-07 1.58805e-06 0.00149813 0.000402467 1.61229e-06 1.26992e-06 0.200924 1.63808e-06 0.258182 0.000942894 0.49328 1.56795e-06 0.000483484 1.3387e-06 1.41337e-06 1.5038e-06 1.29166e-06 
5.47935e-06 5.39818e-06 5.45904e-06 0.109145 0.0303598 5.10284e-06 4.37683e-06 0.000456755 0.124198 0.00141103 0.000856883 0.00137348 0.725301 0.000299092 0.0010082 4.38442e-06 4.71548e-06 0.00153018 0.00334945 0.000675669 
0.00112294 0.995886 5.18924e-06 0.000397424 5.31734e-06 0.000632139 4.16051e-06 5.39849e-06 4.25212e-06 4.06388e-06 5.48485e-06 4.77683e-06 4.34899e-06 4.65122e-06 5.25004e-06 0.00107743 4.48242e-06 0.000817186 5.03526e-06 4.32491e-06 
0.00139701 1.76256e-06 0.000215636 0.0241124 0.000258945 1.66613e-06 1.42908e-06 1.85431e-06 1.46054e-06 1.39589e-06 0.00124509 1.64077e-06 1.49381e-06 1.59763e-06 1.80332e-06 1.43156e-06 0.00517385 1.62552e-06 0.967576 1.48555e-06 
1.57572e-05 5.96876e-05 0.000269427 0.0412614 9.35502e-07 8.53393e-07 0.000509878 9.4978e-07 0.00029302 6.64286e-05 0.000287471 0.922168 0.00922595 0.00775261 0.0177389 0.000142258 0.000203737 8.32598e-07 8.85874e-07 7.60901e-07 
1.23816e-06 1.21982e-06 1.23357e-06 3.7797e-07 1.26402e-06 1.15308e-06 0.000153402 0.901059 1.0108e-06 9.66056e-07 0.0366256 0.0572114 1.03383e-06 1.10568e-06 0.000214428 9.90742e-07 0.00342657 0.00127895 1.19697e-06 1.76974e-05 
0.000404282 8.22466e-05 0.00246755 0.00581911 0.0152948 0.832726 2.16257e-05 0.00635867 0.0111071 0.0115098 0.00104615 0.000254366 0.0563794 0.000148521 0.000117814 0.00108625 5.07234e-07 0.0269644 0.00504218 0.0231693 
5.56545e-07 0.000260882 0.000187427 0.0504471 5.68171e-07 0.339526 0.00115235 5.76843e-07 0.00629147 0.0137591 5.8607e-07 0.470471 4.647e-07 0.00615101 0.100251 4.45332e-07 0.000340941 0.0111152 4.29691e-05 4.62128e-07 
0.00142043 0.000312987 0.108144 0.00266598 0.000588797 0.0248825 0.000218588 0.774402 0.00111229 0.0246094 0.000164432 0.00014765 0.0233551 5.21121e-07 0.00407549 4.66951e-07 5.02209e-07 0.00402879 1.46617e-05 0.0298558 
7.78127e-06 0.000430326 7.75244e-06 0.990453 7.94381e-06 7.24659e-06 6.21558e-06 0.000304506 6.35244e-06 6.07122e-06 8.19407e-06 7.13633e-06 6.49715e-06 6.94867e-06 7.84328e-06 0.00842209 6.6965e-06 7.07e-06 0.000284017 6.46119e-06 
7.46949e-06 7.35883e-06 0.986378 0.000456922 7.62551e-06 6.95623e-06 5.96652e-06 7.7419e-06 6.0979e-06 0.0130483 7.86574e-06 6.85038e-06 6.23681e-06 6.67024e-06 7.52901e-06 5.97687e-06 6.42818e-06 6.78672e-06 7.22099e-06 6.20229e-06 
1.14919e-05 1.13217e-05 1.14493e-05 3.50811e-06 1.1732e-05 0.00201633 9.17958e-06 1.1911e-05 0.996541 8.96639e-06 1.21016e-05 1.05394e-05 9.59542e-06 1.02623e-05 1.15835e-05 9.1955e-06 9.88984e-06 1.04415e-05 0.00127042 9.54231e-06 
6.81159e-06 6.71068e-06 6.78634e-06 0.000417951 6.95387e-06 6.34353e-06 5.441e-06 7.06001e-06 5.56081e-06 5.31464e-06 7.17294e-06 6.24701e-06 5.68749e-06 6.08274e-06 6.86587e-06 0.991444 5.86199e-06 0.00124398 6.58497e-06 0.00679287 
0.00542311 0.00916769 0.00292604 0.0299547 3.40287e-05 0.847596 0.0467231 7.37525e-05 0.0117969 0.016857 0.00196478 0.00603081 1.96917e-07 0.000102467 0.00325744 0.00306912 2.02958e-07 0.00125659 0.0108119 0.00295406 
1.36013e-06 0.00054411 1.35509e-06 0.962921 0.000840395 0.000129536 1.08645e-06 1.40973e-06 1.11037e-06 1.06122e-06 1.43228e-06 0.0314716 1.13567e-06 1.21459e-06 1.37096e-06 0.000524588 1.17051e-06 1.2358e-06 0.00269931 0.000854149 
0.00276739 4.19655e-06 4.24387e-06 0.000844796 4.34863e-06 0.00351297 0.00501964 4.415e-06 0.00389977 0.00196322 0.958751 3.90659e-06 0.01091 0.00336854 4.2936e-06 3.40846e-06 0.00540806 0.00205796 4.11794e-06 0.00146359 
4.00653e-06 3.94718e-06 0.000347282 0.35595 0.162925 3.73123e-06 0.00172665 4.15265e-06 3.27083e-06 0.478 4.21908e-06 3.67445e-06 3.34534e-06 3.57783e-06 4.03846e-06 3.20591e-06 3.44799e-06 3.6403e-06 3.87324e-06 0.000998636 
0.00188239 3.70161e-06 3.74335e-06 0.00447435 0.0149633 0.0199483 0.00360451 3.8943e-06 0.0113522 0.00850444 3.95659e-06 0.00413847 3.13722e-06 3.35524e-06 0.9184 3.00646e-06 3.23347e-06 0.00205171 0.00690493 0.00374695 
9.40349e-07 0.855843 9.36864e-07 2.87058e-07 0.000660232 8.75734e-07 0.0260176 9.74644e-07 0.0389719 0.00638213 9.90235e-07 0.000407514 0.0278363 8.3973e-07 9.47843e-07 0.0120732 0.023852 0.000145008 0.00752527 0.00027898 
0.000515557 0.998312 1.16229e-06 0.000166755 1.19099e-06 1.08645e-06 9.31878e-07 1.20916e-06 9.52397e-07 8.59699e-05 0.000233376 0.000234115 9.74093e-07 1.04179e-06 1.17591e-06 9.33494e-07 1.00398e-06 1.05998e-06 7.21673e-05 0.000367075 
6.2516e-05 0.0119847 0.0003173 0.0678884 0.0273381 0.000649261 0.00693482 0.0123395 0.00070319 8.48494e-05 9.19137e-07 0.0179124 0.0678938 0.0001535 0.000521283 0.759958 7.51153e-07 0.000238829 6.04363e-05 0.024957 
0.0581242 0.000132946 0.101052 9.13522e-05 0.000324352 0.00351902 2.8146e-05 5.29944e-07 0.000320754 0.0192192 0.114149 5.4608e-05 0.108979 4.56587e-07 0.19036 0.311282 0.0210967 4.6456e-07 4.94287e-07 0.0712645 
1.27465e-06 1.25577e-06 1.26993e-06 0.000133654 1.30128e-06 1.18706e-06 1.01817e-06 0.000755437 1.04059e-06 9.94527e-07 1.34227e-06 0.000935353 1.0643e-06 1.13826e-06 0.997398 0.00076015 1.09695e-06 1.15814e-06 1.23224e-06 1.05841e-06 
1.08148e-06 0.0197127 0.000115606 0.00206269 0.0127177 1.00717e-06 8.63872e-07 1.12092e-06 0.000379004 0.943473 8.36749e-05 0.000550707 0.000190065 0.00238081 0.0083346 0.000327879 9.30713e-07 9.82625e-07 0.00154202 0.00812345 
1.36938e-05 0.0135044 1.3643e-05 0.012963 0.0125958 1.27528e-05 1.09384e-05 1.41932e-05 0.904413 1.06844e-05 0.0187607 0.00880371 1.14339e-05 1.22285e-05 1.38029e-05 0.0263087 1.17847e-05 0.00250085 1.32382e-05 1.13706e-05 
3.10487e-06 0.984349 3.09337e-06 9.47817e-07 3.16973e-06 2.89152e-06 0.00372267 3.21811e-06 2.53474e-06 0.00533198 3.26959e-06 0.00655217 2.59248e-06 2.77265e-06 3.12961e-06 2.48443e-06 2.67203e-06 2.82106e-06 3.00158e-06 2.57813e-06 
5.77619e-07 0.000106726 0.00335474 0.0496275 0.000129737 0.0148418 0.00268484 5.98685e-07 7.80361e-05 0.0441581 0.762645 5.29743e-07 0.0661315 0.000153236 0.0220204 2.35345e-05 2.77712e-05 0.0191616 0.000896592 0.013957 
1.05375e-05 1.03814e-05 0.0199575 3.21676e-06 1.07576e-05 9.81343e-06 8.41722e-06 1.09218e-05 8.60256e-06 8.22173e-06 1.10965e-05 9.66412e-06 8.79853e-06 0.00753739 1.06215e-05 8.43182e-06 9.06849e-06 0.967973 1.01869e-05 0.00438367 
0.999909 3.70394e-07 3.7457e-07 1.83607e-05 3.83817e-07 3.5013e-07 3.00315e-07 3.89675e-07 3.06928e-07 2.9334e-07 3.95909e-07 3.44802e-07 6.68559e-05 3.35735e-07 3.7896e-07 3.00836e-07 3.23551e-07 3.41598e-07 3.63456e-07 3.12182e-07 
8.97793e-07 0.000635381 0.0100847 0.0359641 9.16547e-07 0.000265462 0.000204635 0.0102932 0.044639 0.89698 9.45422e-07 0.000150691 0.000161272 0.000189649 9.04948e-07 7.18389e-07 7.72633e-07 8.15728e-07 0.000372576 5.37395e-05 
2.16479e-05 0.00425184 2.15677e-05 0.00352956 2.21001e-05 0.00576881 0.00323301 2.24374e-05 0.00768621 0.00148271 2.27963e-05 1.98536e-05 1.80754e-05 0.275293 2.18204e-05 0.00109109 0.692314 0.00514053 2.09277e-05 1.79754e-05 
5.32986e-07 0.699737 5.31011e-07 0.00170855 5.44119e-07 4.96362e-07 4.25742e-07 5.52424e-07 0.00108823 0.000249928 0.00044957 0.294069 4.45028e-07 4.75956e-07 5.37233e-07 0.000512203 4.58683e-07 0.00217969 5.15254e-07 4.42565e-07 
6.01478e-07 5.92568e-07 5.99249e-07 1.83612e-07 6.14042e-07 5.60148e-07 4.80453e-07 0.32978 4.91032e-07 4.69294e-07 0.001558 0.33122 0.000366383 5.37119e-07 0.00182257 4.81286e-07 0.334848 0.000398688 5.81468e-07 4.99438e-07 
0.000302528 2.90706e-07 2.93983e-07 0.99598 6.67515e-05 0.000240041 0.00197599 3.05838e-07 0.000490773 0.000227309 3.10731e-07 2.7062e-07 0.000159138 2.63503e-07 0.000214675 4.5021e-05 2.53941e-07 0.000295216 2.8526e-07 2.45017e-07 
0.000169645 3.68568e-06 0.000169016 0.829292 3.81925e-06 3.48403e-06 2.98834e-06 0.00115024 0.000544815 0.000736438 0.000353351 3.43102e-06 0.165634 3.3408e-06 3.77091e-06 0.000843757 3.21956e-06 3.39913e-06 0.00107285 3.10643e-06 
6.99543e-06 6.8918e-06 6.96951e-06 2.13548e-06 0.00643454 0.00717273 0.00671101 7.25055e-06 5.7109e-06 5.45808e-06 7.36654e-06 0.972613 5.84099e-06 6.24691e-06 7.05117e-06 5.59755e-06 6.02021e-06 6.35599e-06 6.7627e-06 0.00697621 
6.65219e-05 4.37523e-07 8.50847e-05 0.00125191 4.53378e-07 4.13585e-07 3.54742e-07 4.60298e-07 3.62554e-07 3.46503e-07 4.67661e-07 4.07293e-07 0.0154458 0.00250338 4.4764e-07 0.00320706 3.8219e-07 0.972866 0.00443559 0.000133619 
0.00160107 0.00267309 4.10691e-05 0.0218874 0.0952506 0.0238573 0.00327458 5.47965e-07 0.00183372 0.778338 5.56731e-07 0.0283392 0.0248838 8.63501e-06 5.32897e-07 0.000533087 0.00152402 3.63505e-05 0.0148463 0.00107069 
6.77403e-06 0.989874 6.74893e-06 2.06789e-06 6.91553e-06 6.30856e-06 5.41101e-06 0.00991243 5.53016e-06 5.28534e-06 7.1334e-06 6.21257e-06 5.65613e-06 6.0492e-06 6.82801e-06 0.000112205 5.82968e-06 6.15483e-06 6.54867e-06 5.62483e-06 
0.0231426 0.0236196 0.00031236 0.0219755 0.39088 0.0253825 0.0465063 1.39261e-06 0.168975 0.00120737 0.0824372 0.000173311 0.0138465 1.19984e-06 0.0490865 0.0105204 0.0283276 0.0383348 1.29891e-06 0.0752682 
0.000255702 0.000240966 0.475519 0.522703 1.13448e-07 0.000124292 8.87664e-08 1.15179e-07 9.0721e-08 8.7572e-06 1.17022e-07 3.06767e-05 9.27876e-08 2.987e-05 1.12012e-07 8.89204e-08 9.56346e-08 0.000828046 0.000257939 9.22741e-08 
1.72752e-06 1.70193e-06 0.000955074 0.212238 1.76361e-06 0.002378 1.37992e-06 0.000883387 1.41031e-06 0.000610684 0.00123541 0.314515 1.44243e-06 1.54267e-06 1.74129e-06 0.466033 1.48669e-06 1.56961e-06 0.00113414 1.43445e-06 
9.96533e-06 0.00864771 9.9284e-06 3.04209e-06 1.01735e-05 0.977416 7.96017e-06 1.03288e-05 8.13545e-06 0.00260559 0.00199732 9.13936e-06 8.32077e-06 8.89902e-06 0.00616283 7.97398e-06 8.57608e-06 9.05442e-06 9.63379e-06 0.00304942 
0.255795 1.10514e-06 0.000372453 0.0653066 0.111285 0.12369 8.96047e-07 0.0667287 0.0418854 8.75236e-07 1.57179e-05 0.0144247 0.000389101 0.0835503 0.000127776 0.000376642 0.0439691 0.00023568 0.0334237 0.158421 
8.76057e-07 0.000541854 8.72811e-07 0.000548876 0.418908 8.1586e-07 8.04512e-05 0.00179583 0.576035 6.83531e-07 9.22533e-07 0.000641763 0.000125778 7.82318e-07 0.000755658 0.000480041 7.53928e-07 7.95979e-07 7.87141e-05 7.27435e-07 
0.0116201 6.73009e-06 0.001368 0.969081 6.97398e-06 6.36188e-06 0.00819056 7.08043e-06 5.5769e-06 5.33001e-06 7.19369e-06 6.26508e-06 5.70394e-06 6.10033e-06 0.00964691 5.46621e-06 5.87895e-06 6.20686e-06 6.60402e-06 5.67237e-06 
0.000647016 0.000457201 0.117667 0.000974867 1.4938e-06 1.36269e-06 1.16881e-06 0.000458103 0.0367751 0.840643 1.54086e-06 1.34196e-06 1.22176e-06 0.000622128 0.000700923 1.17084e-06 1.25925e-06 0.00104199 1.41455e-06 1.215e-06 
0.000210439 0.000177746 0.000538652 0.000348327 3.06468e-07 0.000531461 2.39794e-07 3.11146e-07 0.00014729 0.000351572 3.16123e-07 0.000440781 0.000125579 2.68076e-07 0.00105937 2.4021e-07 0.00098198 0.99393 0.000406585 0.000748057 
7.15513e-06 7.04913e-06 7.12861e-06 0.501669 7.30459e-06 6.66347e-06 5.71542e-06 0.16698 5.84127e-06 0.163166 7.53471e-06 0.00213447 5.97433e-06 6.38952e-06 7.21214e-06 5.72533e-06 6.15764e-06 6.50109e-06 0.165215 0.000742649 
7.97073e-05 7.74936e-07 0.0307827 0.0328274 0.00186195 0.000349847 0.0275804 0.00588544 0.0227049 0.839602 8.28317e-07 0.00514327 0.00015958 0.000246564 1.61417e-05 0.000265953 6.76931e-07 0.019729 0.000363163 0.0123991 
5.37107e-06 5.29151e-06 5.35117e-06 1.63961e-06 0.997409 0.00250601 4.29034e-06 5.56696e-06 4.38481e-06 4.1907e-06 5.65601e-06 4.9259e-06 4.4847e-06 4.79636e-06 5.41387e-06 4.29778e-06 4.6223e-06 4.88012e-06 5.19239e-06 4.45988e-06 
0.000140612 2.10955e-06 4.60433e-05 0.000212008 0.0148348 0.0126765 1.71042e-06 0.00128128 0.00129704 0.0575204 2.25487e-06 0.000204066 1.7879e-06 1.91215e-06 0.110589 0.800916 1.84276e-06 1.94554e-06 2.07003e-06 0.000266908 
1.0219e-06 0.151977 1.01811e-06 0.845982 1.04324e-06 4.32067e-05 8.16279e-07 1.05917e-06 0.000157758 0.000213206 1.07611e-06 9.372e-07 0.000883594 9.12554e-07 1.03004e-06 8.17695e-07 8.79437e-07 0.000248281 0.000483484 8.48534e-07 
3.44464e-07 0.000237892 3.43187e-07 0.93502 0.000176181 3.20794e-07 0.0611666 0.000714408 0.000112766 0.000967815 3.62738e-07 3.15913e-07 2.87618e-07 0.000892362 3.47209e-07 0.000441285 0.000267095 3.12977e-07 3.33004e-07 2.86026e-07 
5.12689e-06 5.05094e-06 5.10789e-06 1.56507e-06 5.23399e-06 4.7746e-06 0.994135 5.31387e-06 4.18547e-06 4.00018e-06 5.39888e-06 4.70196e-06 4.28081e-06 4.57831e-06 5.16775e-06 4.1024e-06 4.41216e-06 0.00417738 4.95633e-06 0.00160989 
2.23724e-06 0.00287219 2.22894e-06 0.000357587 0.000297708 0.277382 1.78707e-06 0.00129634 1.82642e-06 1.74557e-06 0.00175531 2.0518e-06 1.86803e-06 1.99785e-06 0.00209965 1.79017e-06 1.92535e-06 2.03273e-06 0.713916 1.85769e-06 
5.94963e-07 5.86149e-07 5.92758e-07 1.81623e-07 6.0739e-07 5.5408e-07 4.75248e-07 6.16661e-07 4.85713e-07 4.64211e-07 6.26526e-07 5.4565e-07 4.96777e-07 5.31301e-07 5.99704e-07 4.76073e-07 0.999875 5.40578e-07 0.000115609 4.94028e-07 
7.61565e-06 7.50283e-06 7.58743e-06 2.32481e-06 7.77473e-06 7.09235e-06 0.0015677 0.00395285 6.21723e-06 5.942e-06 8.01966e-06 6.98443e-06 6.35886e-06 6.80076e-06 7.67634e-06 6.09383e-06 0.990577 6.91952e-06 7.36229e-06 0.00379408 
0.000223705 0.984972 1.53118e-06 4.69159e-07 0.00208711 1.43127e-06 0.000500975 1.59293e-06 1.25467e-06 1.19912e-06 1.61841e-06 0.00011784 0.000690298 0.000242281 1.54912e-06 1.22977e-06 1.32262e-06 0.000707906 0.000262285 0.0101823 
0.670992 7.34003e-08 7.42279e-08 2.27437e-08 0.23759 0.000138839 5.95128e-08 7.79934e-06 6.08233e-08 0.000197702 7.84565e-08 6.83288e-08 0.000273781 6.6532e-08 0.0903349 0.000131215 6.41175e-08 0.000209918 7.20254e-08 0.000123791 
0.00251931 0.0141647 0.00197949 0.949252 0.00879694 8.18658e-07 5.95635e-05 9.11121e-07 0.00198798 0.00652574 0.000386179 0.0117744 2.80797e-05 1.88934e-05 8.18614e-05 0.00232457 7.56513e-07 7.98709e-07 9.57708e-05 7.2993e-07 
0.000226286 0.0115033 0.0124763 1.85015e-07 0.0355091 0.0710835 7.99923e-05 0.00682599 0.770064 0.00232229 0.000162242 0.000386932 0.0358635 0.012395 0.00820601 0.0243139 5.21582e-07 0.00015093 0.00842966 5.03254e-07 
1.75209e-06 0.00124952 1.7456e-06 0.974835 0.00168452 1.6317e-06 1.39954e-06 1.81599e-06 0.00142316 0.00095673 1.84504e-06 0.0160559 0.00109113 0.00105295 1.76605e-06 0.000717393 0.000126297 0.000792088 1.6938e-06 1.45485e-06 
2.38172e-06 2.34644e-06 0.000230839 0.0680482 0.000164505 0.000276518 0.00109004 2.46858e-06 0.000422738 0.112695 0.000151112 2.18432e-06 1.98867e-06 2.12687e-06 0.000269106 2.92643e-05 2.04969e-06 2.16401e-06 0.000309254 0.816296 
2.97204e-05 2.92801e-05 2.96103e-05 9.07267e-06 3.03412e-05 2.76782e-05 2.37403e-05 3.08043e-05 2.4263e-05 2.31889e-05 3.12971e-05 2.7257e-05 2.48157e-05 2.65403e-05 2.99572e-05 2.37814e-05 2.55771e-05 2.70037e-05 2.87316e-05 0.999497 
0.00184211 4.21629e-06 4.26382e-06 0.328417 0.00349186 3.98561e-06 0.00277638 4.43577e-06 0.00139792 3.33916e-06 0.000219544 3.92497e-06 3.57342e-06 0.329837 0.0018568 0.326688 0.00343356 3.88849e-06 4.13731e-06 3.55364e-06 
0.000119632 0.000431465 0.000272254 0.000122582 0.000690609 1.08799e-06 0.00906052 1.21087e-06 0.020142 4.90772e-05 1.23024e-06 0.000479369 9.75467e-07 0.000264276 0.951187 0.0160043 1.0054e-06 0.000243585 0.000493757 0.000434177 
1.23418e-06 1.21589e-06 1.2296e-06 3.76754e-07 1.25996e-06 1.14937e-06 9.85844e-07 1.27919e-06 1.00755e-06 0.0864144 1.29965e-06 0.000188604 1.0305e-06 1.10212e-06 1.24401e-06 9.87554e-07 0.000222936 1.12136e-06 1.19312e-06 0.913156 
5.14362e-06 5.06742e-06 5.12456e-06 1.57018e-06 5.25106e-06 4.79018e-06 4.10865e-06 5.33121e-06 4.19912e-06 4.01323e-06 0.000547065 4.71729e-06 0.00129273 4.59324e-06 5.1846e-06 0.998083 4.42655e-06 4.67345e-06 4.9725e-06 4.27101e-06 
3.50111e-07 0.673572 3.48813e-07 0.000149735 3.57424e-07 0.000619825 2.79664e-07 3.62879e-07 0.072199 2.73169e-07 3.68684e-07 0.251063 2.92333e-07 0.000594344 3.52901e-07 0.000224399 3.01302e-07 3.18108e-07 0.000440341 0.00113408 
0.000186734 0.106749 1.11792e-06 0.0112204 1.14552e-06 0.000306493 0.000715964 1.163e-06 0.000152445 0.872985 1.18161e-06 1.02908e-06 9.36907e-07 1.00202e-06 0.000951599 0.00654065 0.000180669 1.01951e-06 1.08475e-06 9.31721e-07 
3.2414e-06 3.19338e-06 3.22939e-06 9.89494e-07 0.000351448 3.01867e-06 2.58919e-06 3.35961e-06 2.6462e-06 2.52905e-06 0.000422371 2.97274e-06 2.70648e-06 2.89457e-06 3.26723e-06 2.59368e-06 0.999178 2.94511e-06 3.13356e-06 2.6915e-06 
1.13773e-06 1.12088e-06 0.00130669 3.47313e-07 1.1615e-06 1.05956e-06 9.08807e-07 0.0149657 0.000420976 0.000521401 0.000157312 1.04343e-06 0.000151207 0.0019572 1.1468e-06 0.000283519 0.00262339 0.000110037 0.977394 0.000100561 
4.17967e-06 4.11775e-06 4.16418e-06 0.00245092 0.000840388 3.89246e-06 3.33866e-06 4.3321e-06 0.000137137 3.26112e-06 0.00155683 3.83324e-06 0.000824114 0.00292925 0.988156 3.34445e-06 3.59699e-06 3.79761e-06 0.00306006 3.47059e-06 
0.0337345 0.0318617 0.00572807 0.913549 3.00075e-05 1.31058e-06 0.00152726 3.23257e-05 1.14887e-06 0.00122674 1.48194e-06 0.00219206 0.00263982 0.00522639 1.4185e-06 0.00210232 1.2111e-06 1.27865e-06 4.19433e-05 9.97838e-05 
5.85019e-06 0.00283148 5.82851e-06 1.78587e-06 5.97239e-06 5.4482e-06 4.67306e-06 6.06355e-06 0.00644399 0.00140324 6.16055e-06 5.36531e-06 4.88475e-06 0.00224636 0.0115701 4.68116e-06 0.00309047 0.969726 0.0026266 4.85771e-06 
3.50066e-05 3.4488e-05 3.48768e-05 1.06864e-05 3.57378e-05 3.26011e-05 2.79628e-05 3.62833e-05 2.85785e-05 2.73134e-05 3.68637e-05 0.976027 0.0234128 3.12608e-05 3.52855e-05 2.80113e-05 3.01264e-05 3.18067e-05 3.3842e-05 2.90677e-05 
0.0105267 0.000134062 0.963954 2.71381e-07 9.07564e-07 0.0111487 0.000124616 9.21416e-07 7.25753e-07 5.85484e-05 9.36156e-07 0.000331439 7.42286e-07 1.42076e-05 8.96079e-07 0.0134901 0.00014909 5.13371e-05 8.59419e-07 1.11905e-05 
0.000115106 7.22019e-05 1.0416e-07 0.991413 1.07798e-05 0.000194824 8.35109e-08 0.000140977 0.00690488 8.15714e-08 9.91942e-05 0.000220625 6.11931e-05 9.33605e-08 1.0538e-07 0.000393266 8.99725e-08 9.49908e-08 0.000182025 0.000191071 
0.000147072 0.12421 0.0148446 0.189102 0.0999104 0.0918533 0.153448 5.00911e-05 0.00120712 0.105426 2.94844e-05 3.36535e-05 0.0748639 0.0468012 9.88886e-05 0.0831333 0.000279868 0.0144425 5.0976e-05 6.79106e-05 
0.00344348 1.26106e-06 8.1583e-05 0.0110535 1.30676e-06 4.47588e-05 1.02246e-06 0.000234516 0.000158977 9.98715e-07 1.34792e-06 0.000953962 0.965894 0.0110198 1.29022e-06 3.32738e-05 1.10157e-06 1.16301e-06 0.000167062 0.00690542 
7.30213e-07 0.000360417 0.000655484 0.462139 0.000298931 6.80037e-07 5.83284e-07 0.000454863 0.00125247 0.000627281 7.68951e-07 0.00154096 0.001281 6.52079e-07 7.36031e-07 5.84296e-07 6.28415e-07 0.000531436 0.530852 6.06333e-07 
0.000143067 4.07432e-07 4.12026e-07 1.26246e-07 0.000760951 0.000134023 2.50821e-05 1.68571e-05 3.37619e-07 2.50566e-05 4.35498e-07 3.79281e-07 3.4531e-07 3.69307e-07 0.00025354 0.126041 0.000556079 0.871382 0.000659339 3.43399e-07 
2.41415e-06 2.37839e-06 0.000120989 7.36963e-07 0.000142297 2.24827e-06 1.92839e-06 0.946173 0.000791894 0.000310728 2.54222e-06 2.21406e-06 0.0522027 2.15583e-06 2.43339e-06 0.000128919 8.74373e-05 2.19348e-06 2.33384e-06 1.84766e-05 
1.19041e-06 1.17278e-06 0.000712788 0.00025474 1.21528e-06 1.10862e-06 9.50887e-07 0.00407287 9.71825e-07 9.28803e-07 1.25357e-06 1.09175e-06 0.00169073 1.06304e-06 1.1999e-06 0.992641 0.000513255 1.0816e-06 1.15081e-06 9.98346e-05 
0.000117172 0.000115436 0.000116738 3.57688e-05 0.000119619 0.00010912 9.35953e-05 0.000121445 9.56562e-05 9.14216e-05 0.000123388 0.00010746 0.998019 0.000104634 0.000118106 9.37577e-05 0.000100837 0.000106461 0.000113274 9.72937e-05 
4.61374e-07 4.07336e-05 3.2141e-05 1.77332e-05 3.29344e-05 6.3494e-05 2.07088e-05 0.000620078 0.000167263 3.5998e-07 0.0063738 0.0247611 3.85234e-07 0.000941341 4.6505e-07 3.69178e-07 0.1374 0.000595663 0.828863 6.82804e-05 
8.17398e-06 0.00844066 8.14369e-06 0.000802618 0.329523 7.61231e-06 0.00947331 8.47209e-06 0.000335867 0.0108873 0.000645553 7.49649e-06 6.82505e-06 7.29935e-06 8.23912e-06 0.299426 7.03446e-06 0.00359682 0.336793 6.78727e-06 
2.98167e-06 2.9375e-06 2.97062e-06 0.998123 8.95274e-05 2.77679e-06 0.000176386 3.09042e-06 2.43416e-06 0.000125078 3.13985e-06 0.000160379 8.33282e-05 0.000219068 0.000186206 0.000205743 0.00015898 2.70912e-06 0.000406444 4.32557e-05 
0.000173545 0.870249 0.00138392 0.00970799 6.86589e-07 6.26328e-07 0.0120799 0.00365987 0.035874 0.00861007 7.08219e-07 6.56357e-05 5.61553e-07 6.00578e-07 0.0579136 5.27316e-05 5.78783e-07 2.15283e-05 0.000130475 7.38363e-05 
2.92242e-05 0.00102711 2.57002e-05 0.128607 0.001922 0.000276546 0.00360414 0.835062 4.02269e-05 8.96589e-05 0.000375694 0.000243171 3.78265e-07 0.00299698 4.56637e-07 0.000910958 3.89871e-07 0.00498244 3.19594e-05 0.0197736 
0.00223608 2.19556e-06 0.000501983 0.788824 2.27513e-06 2.07544e-06 0.000447874 0.00019137 0.000969755 1.73881e-06 2.3468e-06 0.172214 0.000496854 0.00166435 2.24633e-06 0.000622104 1.91789e-06 0.0303737 0.00144185 1.8505e-06 
0.982916 1.90978e-06 0.00452963 0.000300186 0.00254615 1.8053e-06 1.54845e-06 2.0092e-06 1.58254e-06 6.09771e-06 2.04134e-06 0.00011496 1.61859e-06 1.73108e-06 1.95395e-06 4.85751e-05 1.66826e-06 1.7613e-06 0.0095176 1.60963e-06 
3.00036e-06 2.95591e-06 0.0312454 9.15912e-07 3.06303e-06 2.79419e-06 0.0127844 0.00595686 2.44942e-06 2.34098e-06 0.296583 2.75168e-06 2.50522e-06 2.67931e-06 3.02427e-06 2.4008e-06 2.58208e-06 0.653392 2.90054e-06 2.49135e-06 
0.0540064 1.31828e-06 0.00369642 0.0269191 1.36605e-06 0.0935105 0.000111059 0.000256298 1.09239e-06 0.0633221 1.40909e-06 0.667448 1.11728e-06 1.19492e-06 1.34876e-06 0.0144762 1.15156e-06 0.0521816 0.0240611 1.11109e-06 
0.000764919 6.19848e-06 6.26837e-06 0.000498173 6.42311e-06 5.85936e-06 5.02571e-06 6.52115e-06 0.0450834 4.90899e-06 0.00149025 5.77021e-06 0.944685 5.61847e-06 0.00208188 0.00364723 5.41457e-06 0.00167969 6.08237e-06 5.22431e-06 
0.00276365 0.000418844 0.0172684 0.915674 0.000915117 2.23809e-06 0.0241072 0.0168089 0.00777675 1.87508e-06 2.53072e-06 7.75901e-05 0.000266737 2.25386e-05 2.42238e-06 0.00651386 2.0682e-06 2.18356e-06 0.00737065 1.99552e-06 
2.29549e-05 2.26148e-05 2.28698e-05 7.00737e-06 2.34343e-05 2.13775e-05 1.8336e-05 2.3792e-05 1.87398e-05 1.79102e-05 2.41726e-05 2.10523e-05 1.91667e-05 2.04987e-05 2.31378e-05 1.83678e-05 0.999612 2.08566e-05 2.21912e-05 1.90606e-05 
1.52597e-05 1.50336e-05 1.52031e-05 4.65828e-06 1.55784e-05 1.42111e-05 0.00610678 1.58162e-05 1.24576e-05 0.00120252 0.00162299 0.990851 1.27414e-05 1.36268e-05 1.53813e-05 1.22104e-05 1.31323e-05 1.38648e-05 1.4752e-05 1.26709e-05 
0.0046399 3.47725e-06 3.51646e-06 0.00029345 3.60327e-06 3.28701e-06 2.81935e-06 0.00115697 0.746824 0.000899483 0.00332369 3.237e-06 2.94707e-06 3.15187e-06 0.0037422 0.00282234 0.233561 3.20691e-06 0.00111448 0.00159348 
0.0023174 3.69466e-06 6.95892e-08 0.389944 2.44934e-05 0.0247669 2.50442e-05 1.54042e-05 0.0301581 0.0169967 7.35535e-08 0.0462383 0.0247822 0.00302092 0.0150202 4.63466e-05 0.00219096 0.444383 3.56493e-05 3.00452e-05 
5.74898e-06 5.66382e-06 5.72768e-06 1.75498e-06 5.86907e-06 5.35395e-06 4.59221e-06 5.95865e-06 4.69333e-06 4.48556e-06 6.05397e-06 5.27248e-06 4.80024e-06 5.13383e-06 5.79479e-06 4.60018e-06 0.999903 5.22348e-06 5.55772e-06 4.77367e-06 
2.37414e-06 2.33897e-06 2.36534e-06 0.000869036 2.42373e-06 2.211e-06 1.89643e-06 2.46072e-06 1.93819e-06 1.85239e-06 2.50009e-06 2.17736e-06 1.94457e-05 3.9474e-05 0.000156184 0.947654 2.04316e-06 0.0512307 2.29515e-06 1.97137e-06 
8.62588e-05 0.000422366 0.0229117 0.00011235 0.0100493 1.60674e-06 0.0408363 0.00170296 0.00179467 0.0622435 0.0611768 1.58229e-06 0.000790425 1.54068e-06 0.00118344 0.000513882 0.48651 0.000807336 0.000208062 0.308646 
0.000139793 0.0272554 1.77444e-06 0.0689983 0.776812 1.65866e-06 1.42267e-06 0.000247066 1.454e-06 0.000415943 0.0009154 0.00254578 0.000347195 0.00071329 1.79524e-06 0.0880784 0.00947709 0.000631074 0.000592582 0.0228224 
1.74096e-06 1.71517e-06 1.73451e-06 0.000213681 1.77733e-06 0.000601859 0.00072829 1.80445e-06 0.000483749 0.991496 0.000510872 0.00208804 0.00228864 1.55468e-06 1.75483e-06 1.39307e-06 1.49826e-06 0.000147985 1.68304e-06 0.00142448 
3.98446e-05 0.00014927 7.897e-05 0.00687991 0.00236472 4.05075e-05 1.85011e-05 0.00199111 4.54005e-05 0.00534017 4.47862e-07 8.56615e-05 0.0405133 3.79792e-07 8.24325e-05 4.40033e-05 0.00837688 0.930581 4.1115e-07 0.00336741 
1.94796e-06 0.00128542 0.000830442 0.0473835 1.98865e-06 0.00307261 0.945359 2.019e-06 0.000781543 1.51986e-06 0.000220688 1.7865e-06 1.62649e-06 1.73952e-06 7.17225e-05 0.000711328 1.67639e-06 1.7699e-06 1.88315e-06 0.000266052 
0.117853 2.69961e-07 1.8384e-05 0.156517 2.79744e-07 2.55191e-07 7.65084e-05 8.82105e-05 2.23703e-07 0.600063 2.88557e-07 0.0885253 2.68106e-05 2.447e-07 2.76204e-07 2.19263e-07 0.0027062 2.48973e-07 0.0341231 2.27533e-07 
0.000676371 0.00217976 0.00191402 0.895773 5.20033e-07 0.000409436 0.00919846 0.00436614 0.0163904 0.0280597 0.00527006 0.0125452 4.88142e-05 8.73527e-05 0.00813663 0.000169115 0.000156606 0.00392189 0.000224068 0.0104721 
0.0138569 4.6203e-05 2.00249e-07 0.00236105 0.00853273 2.21895e-05 2.06703e-06 0.943863 0.00340655 0.00551671 2.72499e-06 0.0109336 0.000818752 1.79487e-07 0.00540157 0.000732302 1.72973e-07 7.84582e-05 1.94307e-07 0.00442472 
2.23717e-07 0.00215191 0.00560489 0.00115277 0.00121321 0.0157497 0.00112561 0.00732338 0.937395 0.0011554 0.000495886 2.05175e-07 1.86798e-07 0.0177534 2.255e-07 2.29447e-05 1.92529e-07 0.00885451 2.16275e-07 1.85764e-07 
0.669979 3.65701e-07 3.69824e-07 7.94342e-05 3.78954e-07 3.45693e-07 5.95982e-05 3.84738e-07 0.000273038 2.89623e-07 3.90892e-07 0.000170557 3.09942e-07 0.328829 3.77899e-05 2.97024e-07 0.000351716 3.37269e-07 3.58851e-07 0.000216067 
0.0013045 0.0466177 0.00106258 0.00127892 1.62824e-06 0.0047683 0.00148804 1.65309e-06 1.30206e-06 1.24441e-06 0.0013737 0.0393739 0.00155545 1.42426e-06 1.60763e-06 0.894043 1.37258e-06 0.00549769 1.54186e-06 0.00162412 
1.38458e-06 0.000274495 0.000139485 0.0390779 1.4135e-06 0.00763113 0.896376 0.013533 0.0002212 0.000173166 0.0340863 1.26982e-06 0.000123928 0.00803501 1.39561e-06 1.1079e-06 1.03681e-05 1.25802e-06 0.000309322 1.14968e-06 
0.00191591 3.76751e-06 3.80999e-06 0.00338661 3.90404e-06 0.0003597 3.05469e-06 3.96363e-06 3.12195e-06 0.00418023 0.000809435 3.5072e-06 3.19307e-06 3.41497e-06 3.85464e-06 0.989299 3.29104e-06 3.4746e-06 3.69694e-06 3.1754e-06 
0.000167924 1.05496e-06 0.00136979 0.00039762 0.00132973 0.992376 0.000320728 1.10988e-06 0.00100886 0.000755907 1.12764e-06 0.000368239 8.94112e-07 9.56248e-07 3.47159e-05 0.000733716 9.21546e-07 0.000182895 0.000613982 0.000333402 
4.90244e-08 0.000106304 9.81735e-06 0.955058 5.00484e-08 7.30947e-05 3.916e-08 5.08123e-08 4.00223e-08 0.000110965 5.16251e-08 4.49611e-08 7.3722e-05 5.69561e-05 7.91135e-05 3.14216e-05 4.219e-08 0.0441869 0.000213318 4.07074e-08 
2.13105e-06 2.09948e-06 2.12316e-06 0.0733197 2.17557e-06 0.000325261 0.00299834 0.000681812 0.920973 0.000272505 2.24411e-06 1.95442e-06 0.000195008 0.000380774 2.14804e-06 1.70521e-06 1.83397e-06 0.000346375 0.000486788 1.76952e-06 
5.60997e-05 0.000493929 9.76215e-07 0.526273 0.0448129 0.0542981 0.000185035 0.0140996 0.0144425 8.10346e-05 0.000729741 0.0841843 8.18144e-07 0.0015847 0.0977416 7.84046e-07 0.000202789 0.106881 0.0430407 0.0108904 
4.15344e-06 0.00141471 0.00233844 1.26791e-06 4.2402e-06 0.00279197 3.31771e-06 0.00121853 3.39077e-06 3.24066e-06 4.37378e-06 3.80919e-06 3.46801e-06 3.70902e-06 4.18654e-06 0.99129 0.000787714 3.77378e-06 4.01526e-06 0.000111532 
1.07424e-06 1.05832e-06 0.000425514 0.599976 1.09668e-06 0.0545619 0.0893988 1.11341e-06 0.000266415 0.193674 0.000305593 9.85199e-07 8.96957e-07 9.59291e-07 1.0828e-06 0.000261127 9.24479e-07 0.0611199 1.0385e-06 8.91993e-07 
0.995163 5.31239e-07 1.21632e-05 5.71602e-05 5.50491e-07 5.02174e-07 4.30727e-07 0.000617957 4.40212e-07 0.0040159 5.67833e-07 6.47065e-05 4.5024e-07 6.30048e-05 5.43524e-07 4.31474e-07 4.64054e-07 4.89937e-07 5.21288e-07 4.47748e-07 
4.14161e-06 4.08026e-06 4.12627e-06 1.2643e-06 4.22813e-06 3.85703e-06 3.30827e-06 4.29266e-06 3.38111e-06 3.23143e-06 0.997179 0.000587697 3.45813e-06 3.69845e-06 4.17462e-06 3.314e-06 0.000238383 3.76304e-06 0.00193671 3.43899e-06 
5.28384e-06 5.20557e-06 5.26426e-06 1.61299e-06 5.39421e-06 0.00197323 4.22066e-06 5.47654e-06 4.3136e-06 4.12264e-06 5.56415e-06 4.84589e-06 4.41186e-06 4.71846e-06 0.00373349 4.22798e-06 0.00818959 0.00528575 0.980749 4.38744e-06 
9.96984e-08 9.51932e-05 5.39526e-05 0.741776 6.13157e-05 0.000811435 0.119691 4.04431e-05 0.000127852 0.0129644 1.04987e-07 0.00395136 0.000135432 0.0241975 1.00493e-07 0.000120569 8.57996e-08 0.0433389 0.0402283 0.0124053 
0.00154103 0.000170464 0.000156573 0.715404 7.50394e-07 0.0341679 0.00982342 7.61847e-07 0.0167317 3.16246e-05 0.0739135 6.74117e-07 0.0283426 0.000238788 0.000322925 0.0219528 6.32569e-07 0.085438 0.0117076 5.40582e-05 
0.0261914 3.48187e-07 0.00175975 1.07889e-07 0.816552 0.0134262 2.56513e-05 3.66313e-07 0.00285566 4.45254e-05 3.72172e-07 0.00343632 0.0194278 0.0712848 0.0127079 2.82799e-07 3.04153e-07 2.09328e-05 3.76236e-05 0.0322281 
0.0757639 0.000149499 0.679678 0.0103058 4.24263e-07 0.000106964 4.95695e-05 4.30738e-07 0.000504033 4.63227e-05 0.000159797 9.95158e-05 3.46999e-07 0.0988304 8.78073e-05 0.0238527 3.02022e-05 3.77594e-07 0.000146699 0.110187 
0.00151098 7.76403e-06 7.85157e-06 0.123919 8.04539e-06 0.000847229 6.29506e-06 8.16819e-06 6.43367e-06 6.14885e-06 8.29885e-06 0.00230476 6.58023e-06 7.03752e-06 7.94357e-06 0.870581 6.78213e-06 0.000735537 7.61859e-06 6.54381e-06 
2.27431e-05 0.000132226 4.47199e-07 0.00361619 7.13842e-05 4.18019e-07 3.58545e-07 4.65233e-07 0.000762901 2.15615e-05 0.0326634 1.21316e-05 3.23855e-05 0.00015967 1.26313e-05 0.000174385 0.950172 4.07833e-07 0.0121435 3.72713e-07 
0.0196269 6.59838e-07 5.92652e-05 0.827836 9.82851e-05 0.00014308 0.0309544 0.0416149 0.000373064 5.2257e-07 7.05291e-07 0.000314479 0.078127 0.000228727 0.000415669 5.35923e-07 5.7639e-07 6.08539e-07 0.00020398 5.56136e-07 
